                    0	    0.250365132955622	                    0	-0.000368221720505879	 4.44089209850063e-16	  3.0887648834188e-06
                 0.25	    0.251420571974436	 -0.00109233361435724	-0.000346116018327347	 1.59822103733553e-05	 1.89544787487783e-06
                  0.5	    0.252331288751379	 -0.00208230866021578	-0.000276360116744367	 2.71662518604998e-05	 2.13773720503241e-07
                 0.75	    0.253018586822704	  -0.0028713093816643	-0.000176993579238616	 3.08651431235596e-05	-1.14900492409475e-06
                    1	    0.253447384508508	 -0.00340312163988894	 -7.0366245484621e-05	 2.79094334243446e-05	-1.80605655786259e-06
                 1.25	    0.253622380265094	 -0.00366697105761091	 2.52715450468344e-05	 2.11463284007785e-05	-1.82708093121597e-06
                  1.5	    0.253575395704381	 -0.00368714434433142	 9.97742869506268e-05	 1.34636295165969e-05	-1.48927651655306e-06
                 1.75	     0.25335163028352	 -0.00350783641572406	 0.000150543528957048	  6.7095732596556e-06	-1.04697001224174e-06
                    2	    0.252999379160568	 -0.00318013221576177	 0.000179788643842826	 1.62833222061565e-06	-6.63920868948509e-07
                 2.25	    0.252564326816163	 -0.00275376108194067	 0.000191657268700851	-1.84347158782572e-06	-3.79531334360195e-07
                  2.5	    0.252087307221485	 -0.00227346442475838	   0.0001904281281635	-4.01833430041521e-06	-2.52590589111534e-07
                 2.75	    0.251604579149696	 -0.00177808360496867	 0.000179226117372977	 -5.5865877102157e-06	-1.35074390117396e-07
                    3	    0.251148348430767	 -0.00130194150957146	 0.000160432598307558	-6.52657247268706e-06	-3.12947030289834e-07
                 3.25	    0.250749470072719	-0.000875114530004636	 0.000133984753453387	-8.32136803063932e-06	-1.89281366136385e-08
                  3.5	    0.250435514701001	-0.000527768310647666	 0.000101806574078545	-8.56107384628046e-06	-9.91890585888555e-07
                 3.75	    0.250239272409013	-0.000284983182544895	 5.80551754385539e-05	-1.36494668834253e-05	 1.30506497764138e-06
                    4	    0.250168993766741	-0.000180201621080056	 1.65821365674113e-05	-7.16685725699051e-06	 1.79257502841423e-06
                 4.25	    0.250148856633052	-0.000155917088669119	 5.86224113030553e-06	 1.80495496060473e-06	-6.06740474307088e-07
                  4.5	    0.250127774833628	-0.000133855774037195	 7.03733501117298e-06	-1.23404707430552e-06	 2.77652472346901e-07
                 4.75	    0.250112649679618	-0.000117592418054948	 4.89144746040893e-06	 1.54796287787917e-07	-1.03505311432883e-07
                    5	    0.250099015397958	-0.000103194917602969	 4.48669873343022e-06	-3.63932345148754e-07	 5.67532556505768e-08
                 5.25	    0.250087973982317	-9.14847645831209e-05	 3.60641564212116e-06	  -8.040122390085e-08	-1.52321519841792e-08
                  5.5	    0.250078410946936	-8.14063227445422e-05	 3.13862187883984e-06	-1.56970804798817e-07	 1.37247342379965e-08
                 5.75	    0.250070316275508	-7.28800289277594e-05	 2.65262497745056e-06	-8.85535591521602e-08	 -3.1799829436352e-10
                    6	    0.250063312291929	-6.55253712199877e-05	 2.29884597935381e-06	-9.03329211432435e-08	 4.56623316935634e-09
                 6.25	    0.250057261282513	-5.91812185519914e-05	 1.98599735057314e-06	-6.76297973178919e-08	 1.56848667387521e-09
                  6.5	    0.250051983721882	-5.36594006166525e-05	 1.73339538012129e-06	-5.98901888082537e-08	 2.17354290121818e-09
                 6.75	    0.250047365358942	-4.88349862168196e-05	  1.5173484753106e-06	-4.90991896029414e-08	 1.37798905619491e-09
                    7	    0.250043300390375	 -4.4595583398899e-05	 1.33616176745122e-06	-4.22695576318688e-08	  1.3008125687719e-09
                 7.25	    0.250039707979562	-4.08544184262492e-05	 1.18124994186175e-06	 -3.5812316667716e-08	 1.00124042390348e-09
                  7.5	    0.250036519101163	  -3.753808063435e-05	 1.04895815900008e-06	-3.08431613582627e-08	 8.64473159722934e-10
                 7.75	    0.250033677598629	 -3.4586764286401e-05	 9.35006410074379e-07	-2.65501842733329e-08	 7.09430958423241e-10
                    8	     0.25003113617059	-3.19502883143015e-05	 8.36541490745191e-07	-2.30265722045431e-08	  6.0280558322745e-10
                 8.25	    0.250028855331771	-2.95868040646256e-05	  7.5099656005051e-07	-2.00315084519787e-08	 5.07241582070606e-10
                  8.5	    0.250026801688707	-2.74609990579761e-05	 6.76388784537352e-07	-1.75106884547915e-08	 4.32254898541373e-10
                 8.75	    0.250024946965561	-2.55430153848465e-05	 6.11043172504822e-07	-1.53619810205896e-08	 3.68632235847599e-10
                    9	    0.250023267056649	-2.38074418029372e-05	 5.53597893748758e-07	-1.35291275960014e-08	 3.16387582799393e-10
                 9.25	    0.250021741338641	-2.22325690170734e-05	 5.02913667599358e-07	-1.19557133082537e-08	 2.72422306935027e-10
                  9.5	    0.250020352082721	-2.07997613583152e-05	 4.58043682538545e-07	 -1.0600644362313e-08	  2.3559798556505e-10
                 9.75	    0.250019083990179	-1.94929588294055e-05	 4.18192715123666e-07	-9.42854105900892e-09	 2.04475991694153e-10
                   10	     0.25001792380686	-1.82982652751166e-05	 3.82691386136003e-07	-8.41108027671567e-09	 1.78109083037725e-10
                10.25	    0.250016860008562	-1.72036126921512e-05	 3.50973118568021e-07	-7.52466577935706e-09	 1.55677026825174e-10
                 10.5	    0.250015882540145	-1.61984834632022e-05	 3.22556608534086e-07	-6.74979050430125e-09	 1.36501254743848e-10
                10.75	    0.250014982599385	-1.52736804999882e-05	 2.97031321760954e-07	-6.07025940624339e-09	 1.20052856544817e-10
                   11	    0.250014152456518	-1.44211355593284e-05	 2.74045663495315e-07	 -5.4725237674802e-09	 1.05902397962154e-10
                11.25	    0.250013385303197	-1.36337491806705e-05	  2.5329747810332e-07	-4.94516649851562e-09	 9.36712929444639e-11
                 11.5	    0.250012675125459	-1.29052561285825e-05	 2.34526221110087e-07	-4.47864145769472e-09	 8.30895352521566e-11
                11.75	    0.250012016596454	-1.22301119501245e-05	 2.17506389788014e-07	-4.06478006809152e-09	 7.38866745564337e-11
                   12	     0.25001140498558	-1.16033970992075e-05	 2.02042385044621e-07	-3.69672292777068e-09	 6.58575416423446e-11
                12.25	    0.250010836081206	-1.10207352601881e-05	  1.8796381473507e-07	-3.36861250005427e-09	 5.88518123123549e-11
                 12.5	    0.250010306124658	-1.04782238853889e-05	 1.75121911638598e-07	-3.07538350341474e-09	 5.26989563098823e-11
                12.75	    0.250009811753818	-9.97237482549718e-06	 1.63386486562445e-07	-2.81277889868647e-09	 4.73001637857351e-11
                   13	    0.250009349954559	-9.50006322866288e-06	 1.52643203854552e-07	-2.57707766238013e-09	 4.25435242590311e-11
                13.25	    0.250008918019015	-9.05848369843966e-06	 1.42791406254617e-07	-2.36506281225957e-09	  3.8340886021615e-11
                 13.5	    0.250008513509447	-8.64511239310095e-06	 1.33742283470184e-07	-2.17394324764086e-09	 3.46076500790105e-11
                13.75	    0.250008134226941	-8.25767427117904e-06	 1.25417449314824e-07	 -2.0014363499854e-09	 3.13171710786264e-11
                   14	    0.250007778184327	-7.89411454859733e-06	 1.17747162242665e-07	-1.84531501190577e-09	 2.83706391712713e-11
                14.25	    0.250007443582404	-7.55257400152659e-06	 1.10669715613909e-07	 -1.7038805921743e-09	 2.57625032418218e-11
                 14.5	    0.250007128789354	-7.23136728113223e-06	 1.04129926459251e-07	-1.57541757417334e-09	 2.34197106152578e-11
                14.75	    0.250006832322575	-6.92896405432783e-06	 9.80787659976556e-08	 -1.4586185592691e-09	 2.13316031505428e-11
                   15	      0.2500065528329	-6.64397249727601e-06	 9.24723915218806e-08	-1.35225786124238e-09	 1.94635418893085e-11
                15.25	    0.250006289090592	-6.37512457182171e-06	 8.72713941113545e-08	-1.25519461491308e-09	  1.7779777650162e-11
                 15.5	    0.250006039973035	-6.12126332995265e-06	 8.24405419486141e-08	-1.16651266424128e-09	  1.6266321622993e-11
                15.75	      0.2500058044539	-5.88133160914891e-06	 7.79482016710631e-08	-1.08540154641901e-09	 1.49087409084814e-11
                   16	    0.250005581593553	-5.65436191744951e-06	 7.37657299687555e-08	-1.01104369321092e-09	  1.3677725618777e-11
                16.25	    0.250005370530482	-5.43946765617299e-06	 6.98674198496008e-08	-9.42805389314572e-10	 1.25601751221893e-11
                 16.5	    0.250005170473773	-5.23583528912283e-06	 6.62301187226433e-08	-8.80162609462332e-10	 1.15598641770021e-11
                16.75	    0.250004980696379	-5.04271720681294e-06	  6.2832687497405e-08	-8.22502066455399e-10	 1.06432640478715e-11
                   17	     0.25000480052909	-4.85942558408474e-06	 5.96560720822481e-08	-7.69400543276788e-10	 9.82236514346368e-12
                17.25	    0.250004629355164	 -4.6853268103725e-06	 5.66829836401439e-08	-7.20393966702204e-10	 9.05719943489203e-12
                 17.5	    0.250004466605582	-4.51983653974025e-06	  5.3897778240497e-08	-6.75199895994183e-10	 8.37929725605591e-12
                17.75	    0.250004311754699	-4.36241512470498e-06	 5.12860807155846e-08	-6.33405772276774e-10	 7.75135511332792e-12
                   18	    0.250004164316405	-4.21256375753391e-06	 4.88349347627093e-08	-5.94773563733497e-10	 7.19135861970699e-12
                18.25	    0.250004023840685	-4.06982071434409e-06	 4.65322647080768e-08	-5.58892043756032e-10	 6.65578703262781e-12
                 18.5	    0.250003889910412	-3.93375831992928e-06	 4.43674155192753e-08	-5.25691934427641e-10	 6.18416429176705e-12
                18.75	    0.250003762138667	-3.80397992606495e-06	 4.23303547769649e-08	-4.94827734343062e-10	 5.73185943153476e-12
                   19	    0.250003640166089	-3.68011721737869e-06	 4.04119675501136e-08	-4.66182203950893e-10	 5.34328137291595e-12
                19.25	    0.250003523658587	-3.56182797736429e-06	 3.86039480382294e-08	-4.39531522289371e-10	 4.97357710571578e-12
                 19.5	    0.250003412305369	-3.44879390351366e-06	 3.68986068366439e-08	-4.14701162299025e-10	  4.6287418342672e-12
                19.75	    0.250003305816906	-3.34071857921223e-06	 3.52889428789638e-08	-3.91590315729218e-10	 4.32076596723618e-12
                   20	    0.250003203923335	-3.23732577794985e-06	 3.37684422646589e-08	-3.70038222285984e-10	 4.03943545279617e-12
                20.25	    0.250003106372855	-3.13835788674437e-06	 3.23311653005476e-08	-3.49905882046642e-10	 3.77209374846643e-12
                 20.5	    0.250003012930352	-3.04357432601558e-06	 3.09715035839986e-08	-3.31047633750359e-10	 3.51829676503712e-12
                20.75	    0.250002923376015	-2.95275042341028e-06	 2.96846045522159e-08	-3.13495895909455e-10	 3.29958282918597e-12
                   21	    0.250002837504337	-2.86567598625197e-06	 2.84655783389098e-08	-2.97017077599548e-10	 3.08819636529734e-12
                21.25	    0.250002755122843	-2.78215432772321e-06	 2.73102025438732e-08	-2.81613399266689e-10	 2.89657187124703e-12
                 21.5	    0.250002676051261	-2.70200125704219e-06	 2.62144514984186e-08	-2.67165845002637e-10	 2.71027644771493e-12
                21.75	    0.250002600120573	-2.62504405136397e-06	 2.51745468915487e-08	-2.53627341351148e-10	 2.55884202715606e-12
                   22	    0.250002527172144	-2.55112072335534e-06	 2.41870559136714e-08	-2.40863329281638e-10	 2.38653541373424e-12
                22.25	    0.250002457057074	-2.48007928505775e-06	 2.32489316687179e-08	-2.28988383810247e-10	 2.26751950549442e-12
                 22.5	     0.25000238963543	-2.41177681474874e-06	 2.23569749380204e-08	-2.17704076987957e-10	 2.11430872809615e-12
                22.75	    0.250002324775635	-2.34607904283873e-06	 2.15085385057989e-08	 -2.0712143111723e-10	 1.99040783854798e-12
                   23	    0.250002262353863	-2.28285963932458e-06	 2.07010808495056e-08	-1.97181382333156e-10	 1.87605486701159e-12
                23.25	     0.25000220225356	 -2.2219997214284e-06	 1.99322260918677e-08	 -1.8784040989317e-10	 1.77569070558548e-12
                 23.5	    0.250002144364898	-2.16338721557769e-06	 1.91996192278054e-08	-1.78960846142218e-10	 1.65889524339491e-12
                23.75	    0.250002088584312	-2.10691656187185e-06	 1.85013333542372e-08	 -1.7066081881012e-10	 1.57740487338742e-12
                   24	    0.250002034814139	-2.05248816076973e-06	 1.78353167790135e-08	-1.62778235335281e-10	 1.48348000550413e-12
                24.25	    0.250001982962152	-2.00000804913185e-06	 1.71998917330995e-08	-1.55413903968338e-10	 1.41997524849558e-12
                 24.5	    0.250001932941278	 -1.9493874636756e-06	 1.65932219076126e-08	 -1.4835910278066e-10	 1.32316380074826e-12
                24.75	    0.250001884669214	-1.90054251570164e-06	  1.6013782300206e-08	-1.41750167159671e-10	 1.26987309556625e-12
                   25	    0.250001838068098	 -1.8533939340336e-06	 1.54600967583463e-08	 -1.3544587673664e-10	 1.18505205648489e-12
                25.25	    0.250001793064336	-1.80786676316813e-06	 1.49308432284556e-08	-1.29557697903238e-10	 1.14219744773436e-12
                 25.5	    0.250001749588191	-1.76388994291846e-06	 1.44245673183718e-08	-1.23876908730836e-10	 1.06115116693672e-12
                25.75	    0.250001707573642	-1.72139630368875e-06	  1.3940236520682e-08	-1.18599352560977e-10	 1.02473585172902e-12
                   26	    0.250001666958117	 -1.6803221189337e-06	  1.3476557647607e-08	-1.13515419286614e-10	 9.60120871695835e-13
                26.25	    0.250001627682293	-1.64060700484704e-06	 1.30325075176074e-08	-1.08696163181321e-10	 9.00390872971002e-13
                 26.5	    0.250001589689866	 -1.6021937269025e-06	 1.26072072781369e-08	-1.04218855767613e-10	 8.72857341960298e-13
                26.75	    0.250001552927448	-1.56502788064046e-06	 1.21994809809678e-08	-9.98636728866131e-11	  8.1645801230934e-13
                   27	    0.250001517344297	-1.52905786987199e-06	 1.18085630163023e-08	-9.57629531228577e-11	 7.77378161842535e-13
                27.25	    0.250001482892183	-1.49423471693279e-06	 1.14337170842305e-08	-9.19313514202713e-11	 7.48512363202281e-13
                 27.5	    0.250001449525383	-1.46051179905727e-06	 1.10739151182315e-08	-8.82156570014558e-11	 7.17204073907851e-13
                27.75	    0.250001417200239	 -1.4278447989109e-06	 1.07285673678348e-08	-8.46767100881607e-11	 6.70574706873595e-13
                   28	    0.250001385875383	 -1.3961916483247e-06	 1.03969317599706e-08	-8.13034084501396e-11	 6.29718499567389e-13
                28.25	    0.250001355511334	-1.36551220965227e-06	  1.0078407441938e-08	 -7.8145045989686e-11	 6.13065154198011e-13
                 28.5	    0.250001326070552	-1.33576827346603e-06	 9.77219727360534e-09	-7.50510764646606e-11	 5.76205749780456e-13
                28.75	    0.250001297517209	-1.30692355752565e-06	  9.4779712966897e-09	-7.21644966006352e-11	 5.41344746807226e-13
                   29	    0.250001269817274	-1.27894338994301e-06	 9.19502785023951e-09	-6.94395652089952e-11	 5.30686605770825e-13
                29.25	    0.250001242938167	-1.25179470902001e-06	 8.92284690579004e-09	-6.68065602837942e-11	 5.01154673315796e-13
                 29.5	     0.25000121684893	-1.22544602220209e-06	 8.66088667450526e-09	-6.42725872523897e-11	 4.77617945193742e-13
                29.75	    0.250001191519931	-1.19986725639243e-06	 8.40873415342003e-09	-6.18642914673728e-11	 4.55191440096314e-13
                   30	     0.25000116692294	-1.17502977938263e-06	 8.16599410313756e-09	-5.95878901776814e-11	 4.33209024208736e-13
                30.25	    0.250001143030982	-1.15090618462762e-06	   7.932203338612e-09	-5.74096326033668e-11	 4.08562073062058e-13
                 30.5	    0.250001119818284	-1.12747028628276e-06	 7.70695063323501e-09	-5.53472823128232e-11	 3.98792110445356e-13
                30.75	    0.250001097260227	-1.10469705254194e-06	 7.48977679876361e-09	-5.33422195303501e-11	 3.91242593877905e-13
                   31	    0.250001075333233	-1.08256261636002e-06	 7.28040960851217e-09	-5.13722397954552e-11	 3.46611628287974e-13
                31.25	    0.250001054014819	-1.06104417025322e-06	 7.07861236293184e-09	-4.96243046654854e-11	 3.62820884447501e-13
                 31.5	    0.250001033283428	-1.04011976082292e-06	 6.88381840419083e-09	-4.78079797971986e-11	 3.21964677141295e-13
                31.75	    0.250001013118419	-1.01976857057173e-06	  6.6960339495381e-09	 -4.6201709125171e-11	  3.1863400806742e-13
                   32	    0.250000993500102	-9.99970489587917e-07	 6.51468301526847e-09	-4.46083170402289e-11	 3.13304937549219e-13
                32.25	    0.250000974409507	-9.80706347674951e-07	 6.33960750562323e-09	-4.30571134302227e-11	 2.90656387846866e-13
                 32.5	    0.250000955828584	-9.61957769803279e-07	 6.17045037287767e-09	-4.15392165109552e-11	 2.73558953267639e-13
                32.75	    0.250000937739909	-9.43707164272519e-07	 6.00714633591792e-09	-4.01638722280495e-11	 2.72448730243013e-13
                   33	    0.250000920126875	-9.25937699812668e-07	 5.84939519043814e-09	-3.88364895798077e-11	 2.65343302885412e-13
                33.25	    0.250000902973556	-9.08633086230401e-07	 5.69673375139246e-09	-3.74407171932489e-11	 2.37365682664858e-13
                 33.5	     0.25000088626455	-8.91777878380664e-07	 5.54933787810796e-09	-3.62452290403326e-11	 2.36477504245158e-13
                33.75	     0.25000086998524	  -8.753572339264e-07	 5.40686029282256e-09	-3.51012552357588e-11	 2.34257058195908e-13
                   34	     0.25000085412153	-8.59356732133964e-07	 5.26888976892792e-09	-3.39115402425705e-11	 2.22932783344731e-13
                34.25	    0.250000838659815	-8.43762689350537e-07	 5.13544895497375e-09	-3.27595728322194e-11	 1.85185200507476e-13
                 34.5	     0.25000082358714	 -8.2856203618648e-07	 5.00650854107221e-09	-3.18243209562752e-11	  2.1183055309848e-13
                34.75	    0.250000808891016	-8.13741932845248e-07	 4.88145435184606e-09	-3.07163183776993e-11	   1.791899961745e-13
                   35	    0.250000794559396	-7.99290298670135e-07	 4.76049510922394e-09	-2.97828428585944e-11	 1.91846538655227e-13
                35.25	    0.250000780580753	-7.85195462347176e-07	 4.64337013283966e-09	 -2.8833380127935e-11	 1.72750702631674e-13
                 35.5	    0.250000766944013	-7.71446148173059e-07	 4.52989068477905e-09	-2.79287704074704e-11	 1.72528658026749e-13
                35.75	     0.25000075363847	-7.58031515976109e-07	 4.41993286415254e-09	-2.70605760022136e-11	   1.738609256563e-13
                   36	    0.250000740653849	-7.44941222937138e-07	  4.3134495975039e-09	-2.62390109639909e-11	 1.63646873829748e-13
                36.25	    0.250000727980293	-7.32165248795471e-07	 4.21023615970739e-09	-2.54369858510017e-11	 1.56541446472147e-13
                 36.5	     0.25000071560829	 -7.1969388596696e-07	 4.11007494705018e-09	-2.46291875782845e-11	 1.50102152929321e-13
                36.75	    0.250000703528605	 -7.0751794628037e-07	 4.01313071662912e-09	  -2.393152342961e-11	 1.42330591756945e-13
                   37	    0.250000691732547	-6.95628465226924e-07	  3.9189562706099e-09	-2.31721308807664e-11	 1.33448807559944e-13
                37.25	    0.250000680211474	-6.84016778757665e-07	 3.82767906259573e-09	-2.25091056904603e-11	 1.34559030584569e-13
                 37.5	    0.250000668957301	-6.72674687530194e-07	 3.73906949846514e-09	-2.17950102410214e-11	 1.11688436277291e-13
                37.75	    0.250000657962063	-6.61594135007804e-07	 3.65317243122831e-09	-2.12407869071285e-11	 1.40554234917545e-13
                   38	      0.2500006472182	-6.50767435143483e-07	 3.56965967895917e-09	-2.05271355468994e-11	 1.02584607475364e-13
                38.25	    0.250000636718355	-6.40187149473396e-07	 3.48862316812415e-09	-1.99444905035762e-11	 1.16129328375791e-13
                 38.5	    0.250000626455397	-6.29846135000902e-07	 3.41000827575044e-09	 -1.9361401371043e-11	 9.14823772291129e-14
                38.75	    0.250000616422613	 -6.1973751159474e-07	 3.33364180704621e-09	-1.88680182588996e-11	 1.24789067967868e-13
                   39	     0.25000060661327	-6.09854499262529e-07	 3.25942650647448e-09	-1.82938109105635e-11	 9.70334923522387e-14
                39.25	     0.25000059702115	-6.00190780896669e-07	 3.18731308013298e-09	-1.77933223710625e-11	 1.11466391672366e-13
                 39.5	    0.250000587639969	-5.90740068725218e-07	 3.11730508073538e-09	-1.73039360618077e-11	 9.96980276113391e-14
                39.75	    0.250000578463936	-5.81496395278119e-07	  3.0491378311126e-09	-1.67736935452467e-11	 9.43689570931383e-14
                   40	    0.250000569487199	-5.72453920563464e-07	 2.98293834077867e-09	-1.62994062691268e-11	 8.26005930321116e-14
                40.25	    0.250000560704296	-5.63607159378443e-07	 2.91866264490181e-09	-1.58775215197693e-11	  7.8159700933611e-14
                 40.5	    0.250000552109888	-5.54950584280326e-07	 2.85604029315323e-09	-1.54258827933518e-11	 8.19344592173366e-14
                40.75	    0.250000543698754	-5.46478977069551e-07	 2.79513301393308e-09	-1.49968926166366e-11	 8.59312621059871e-14
                   41	    0.250000535465924	-5.38187330935402e-07	 2.73592659638666e-09	-1.46069822903883e-11	 8.74855743404623e-14
                41.25	    0.250000527406571	-5.30070815679769e-07	  2.6784090501053e-09	 -1.4249490476459e-11	  8.5043083686287e-14
                 41.5	    0.250000519516043	-5.22124597108654e-07	 2.62229704617312e-09	-1.37996281068808e-11	 5.72875080706581e-14
                41.75	    0.250000511789779	-5.14344165769347e-07	 2.56780419150004e-09	-1.35025324254912e-11	  8.4821039081362e-14
                   42	    0.250000504223449	-5.06725027813852e-07	  2.5145792115211e-09	-1.30659927322085e-11	 6.52811138479592e-14
                42.25	    0.250000496812758	-4.99263020283662e-07	 2.46297604533652e-09	-1.27808874594848e-11	 6.68354260824344e-14
                 42.5	    0.250000489553712	-4.91953980820351e-07	 2.41265096789789e-09	-1.24567023362943e-11	 7.48290318597356e-14
                42.75	    0.250000482442261	-4.84793779600744e-07	 2.36355779392738e-09	-1.21156418231294e-11	 7.68274333040608e-14
                   43	    0.250000475474581	 -4.7777868526001e-07	 2.31582442111744e-09	-1.17648113473479e-11	 4.48530101948563e-14
                43.25	     0.25000046864702	-4.70904900172143e-07	 2.26932383995404e-09	-1.15205622819303e-11	 7.68274333040608e-14
                 43.5	    0.250000461955876	-4.64168732142479e-07	 2.22396501214916e-09	-1.11355369369903e-11	 2.53130849614536e-14
                43.75	     0.25000045539777	-4.57566742243303e-07	 2.17985274275634e-09	-1.09530162717419e-11	 7.34967642301854e-14
                   44	    0.250000448969211	-4.51095426558113e-07	 2.13680184657505e-09	-1.06261666132923e-11	 4.08562073062058e-14
                44.25	    0.250000442667048	-4.44751539521918e-07	 2.09479855683981e-09	-1.03690389607891e-11	 6.21724893790088e-14
                 44.5	     0.25000043648798	-4.38531813361017e-07	 2.05387173934923e-09	 -1.0082157331226e-11	 4.32986979603811e-14
                44.75	    0.250000430429028	-4.32433246536933e-07	 2.01401162414072e-09	-9.82902648161144e-12	  3.5527136788005e-14
                   45	    0.250000424487158	-4.26452737802977e-07	 1.97515115374358e-09	-9.61009050115536e-12	 3.86357612569554e-14
                45.25	    0.250000418659501	-4.20587389074575e-07	 1.93722593522239e-09	-9.38005229045302e-12	 4.17443857259059e-14
                 45.5	    0.250000412943233	-4.14834325316313e-07	 1.90016580248198e-09	-9.09716746377853e-12	 2.39808173319034e-14
                45.75	    0.250000407335633	-4.09190853244679e-07	 1.86412041358608e-09	-8.95861163030531e-12	 5.86197757002083e-14
                   46	    0.250000401834075	  -4.036542657747e-07	 1.82884329902322e-09	-8.70548078069078e-12	 5.30686605770825e-14
                46.25	    0.250000396435972	-3.98221974017581e-07	 1.79442505299221e-09	-8.46700487500129e-12	 4.30766533554561e-14
                 46.5	    0.250000391138843	-3.92891535920412e-07	 1.76095493742423e-09	-8.30713275945527e-12	 4.48530101948563e-14
                46.75	      0.2500003859403	-3.87660469194601e-07	 1.72823888533458e-09	-8.11173350712124e-12	  4.2632564145606e-14
                   47	    0.250000380837961	-3.82526340473962e-07	 1.69623604051594e-09	-7.89412979429471e-12	 3.73034936274053e-14
                47.25	    0.250000375829563	 -3.7748690539428e-07	 1.66499791731667e-09	-7.67563790304848e-12	 1.99840144432528e-14
                 47.5	     0.25000037091288	-3.72539984288871e-07	 1.63464042302053e-09	-7.57260920636327e-12	 3.64153152077051e-14
                47.75	    0.250000366085818	-3.67683299240212e-07	 1.60477364730127e-09	-7.31947835674873e-12	 2.66453525910038e-14
                   48	    0.250000361346199	-3.62914737137587e-07	  1.5756591587035e-09	-7.15427717068451e-12	 3.30846461338297e-14
                48.25	    0.250000356692053	-3.58232407640444e-07	 1.54737911373104e-09	 -7.0725647560721e-12	  4.9293902293357e-14
                 48.5	    0.250000352121415	-3.53634220084327e-07	 1.51962264993699e-09	-6.82121026329696e-12	 3.99680288865056e-15
                48.75	    0.250000347632368	-3.49118192274053e-07	 1.49253098769009e-09	 -6.7585936847081e-12	 5.19584375524573e-14
                   49	    0.250000343222972	-3.44682529019189e-07	  1.4660983538306e-09	-6.54942766686872e-12	 8.21565038222616e-15
                49.25	    0.250000338891589	-3.40325300399163e-07	  1.4401155823407e-09	-6.47704112566316e-12	 7.30526750203353e-14
                 49.5	     0.25000033463616	-3.36044892351244e-07	  1.4149357241422e-09	-6.16839912481737e-12	  -3.530509218308e-14
                49.75	    0.250000330455537	-3.31839208132591e-07	 1.39000899679331e-09	 -6.4126481902349e-12	 7.50510764646606e-14
                   50	    0.758286560140391	-3.01490365473001e-06	                    0	                    0	                    0
     -1.4564052326571	-5.26832925285713e-18	  -0.0117458922285171	 4.44089209850063e-16	 5.02111150120221e-05	-1.26944462039424e-06
    -1.46810218321522	  -0.0234977268372837	  -0.0116553155582796	 0.000193048194976841	 4.53930276202996e-05	-3.22250099846211e-06
    -1.50302000688919	  -0.0468170994388238	  -0.0111933701842749	 0.000359470554072927	  3.1243489553856e-05	-3.84430843641814e-06
     -1.5606436067771	  -0.0695511346995897	  -0.0104197577570661	 0.000476809870048389	  1.3141758214763e-05	  -3.230768081397e-06
    -1.64012777837357	  -0.0912957127460395	 -0.00942621782485508	 0.000537915272889045	-3.34654103828491e-06	-2.00485380996707e-06
    -1.74031714506642	   -0.111679694102941	 -0.00831074055181296	 0.000549267414754029	-1.49764969104016e-05	-7.79028670794268e-07
      -1.859774067832	   -0.130386286024509	 -0.00715776299868567	 0.000524625939189782	-2.11541408683402e-05	    1.15927669464e-07
    -1.99681452912921	    -0.14716467935389	 -0.00602917759231718	 0.000478715450378697	-2.29417428707634e-05	 6.21375751297393e-07
    -2.14955199099216	   -0.161835203379892	 -0.00496442733860195	 0.000423492940486936	-2.19008884934091e-05	 8.02337107197459e-07
    -2.31594922732155	   -0.174291676344034	 -0.00398539377641512	 0.000366872791601525	-1.94990722559574e-05	 7.93347963989888e-07
    -2.49387813037469	   -0.184503681255709	 -0.00310277148244826	 0.000313156263699321	 -1.6683230247061e-05	 6.18625232817749e-07
    -2.68118749145416	   -0.192519321962252	 -0.00232154176894989	 0.000263484436348493	-1.43757203452388e-05	 4.90674159303595e-07
     -2.8757787557952	   -0.198470019494774	 -0.00164615204684628	 0.000217537259609379	-1.24261545200177e-05	 6.45800131149343e-08
    -3.07568975165172	   -0.202573986252071	 -0.00108252047080689	 0.000172058586125345	-1.24473866800479e-05	 2.53594151677916e-07
      -3.279186393581	   -0.205145986485385	-0.000643972372365442	 0.000126414959087384	-1.13721133816469e-05	-1.05033401998078e-06
    -3.48486235992706	     -0.2065950660956	-0.000345097369785812	 7.09262664573274e-05	-1.67823181680404e-05	 1.63494144711507e-06
    -3.69174674450271	   -0.207441222991729	-0.000217311633430114	 2.02369365993604e-05	-8.65922083947979e-06	 2.16034164646217e-06
    -3.89939154107047	   -0.208097043959974	-0.000187417298302193	 7.23033665028794e-06	 2.15314852347603e-06	-7.29117499487231e-07
    -4.10766734796107	   -0.208669617279217	-0.000160443458357285	 8.57940404896951e-06	-1.49887595712883e-06	 3.35203017121088e-07
    -4.31648999296753	   -0.209165631272734	-0.000140610601585355	 5.95269526293407e-06	 1.77806503298683e-07	   -1.24038282312e-07
    -4.52579022837837	   -0.209602196323036	-0.000123129575302971	 5.43701278177267e-06	-4.43850934228607e-07	 6.87190582215891e-08
     -4.7355104923958	   -0.209987283483864	-0.000108953898530451	 4.35836336665218e-06	-1.00549733428323e-07	-1.80822752327003e-08
    -4.94560249004684	    -0.21032968815447	-9.67890502160699e-05	 3.78273290735365e-06	-1.91459749832035e-07	 1.66986449112727e-08
    -5.15602535927972	   -0.210635460151239	-8.65235292424594e-05	 3.18945815980243e-06	-1.08218791705639e-07	-2.65163224710818e-10
      -5.366744261986	   -0.210909991781385	-7.76885904941423e-05	 2.75826907403243e-06	-1.09774733747514e-07	 5.57805046597082e-09
    -5.57772928828549	   -0.211157521875261	-7.00830262579994e-05	 2.37832858029918e-06	-8.20398087242324e-08	 1.94314386803285e-09
    -5.78895459495509	   -0.211381653240767	-6.34753576103114e-05	 2.07226956883133e-06	-7.24484725544983e-08	 2.65417088307629e-09
     -6.0003977210782	   -0.211585360058765	-5.77118015736281e-05	 1.81114017250295e-06	-5.92702322776972e-08	 1.68423941460105e-09
    -6.21203903938436	   -0.211771161732231	-5.26547391473663e-05	 1.59260627352609e-06	-5.09216926403155e-08	 1.58294177765583e-09
    -6.42386131258822	   -0.211941185336692	-4.81981335833077e-05	 1.40612770227477e-06	-4.30632751680093e-08	 1.21642407258093e-09
    -6.63584933177764	    -0.21209724635765	-4.42525500555231e-05	 1.24716249993995e-06	-3.70256207915531e-08	 1.04768616004947e-09
    -6.84798961950078	   -0.212240899003708	 -4.0745292078723e-05	 1.11045872808191e-06	 -3.1822409596316e-08	 8.58187299002111e-10
    -7.06027018430206	   -0.212373482369159	-3.76155016145679e-05	 9.92512106723353e-07	-2.75596532262057e-08	  7.2783912230534e-10
    -7.27268031649254	   -0.212496155042622	-3.48125279614018e-05	 8.90184046031806e-07	 -2.3943126592485e-08	 6.11432904307208e-10
    -7.48521041721077	   -0.212609924292229	-3.22937120851925e-05	 8.01053835264298e-07	-2.09043409249432e-08	 5.20206766552178e-10
    -7.69785185454539	    -0.21271566941204	-3.00230469383164e-05	 7.23081873044151e-07	-1.83182757851341e-08	 4.42997860616856e-10
    -7.91059684179777	   -0.212814161109847	-2.79699372337077e-05	 6.54612833717039e-07	-1.61155648825684e-08	 3.79701825536927e-10
    -8.12343833396788	     -0.2129060774368	-2.61082840337246e-05	 5.94264672137967e-07	-1.42271701086827e-08	 3.26505933401222e-10
    -8.33636993932471	   -0.212992017061014	-2.44157148452414e-05	  5.4089110657074e-07	 -1.2603044829973e-08	 2.82053491673651e-10
    -8.54938584353045	   -0.213072510335618	-2.28729742558932e-05	 4.93530377898566e-07	-1.11997655594109e-08	 2.44510189872926e-10
     -8.7624807442652	   -0.213148028594457	-2.14634215375736e-05	 4.51374674526051e-07	-9.98306370902924e-09	 2.12774908803226e-10
    -8.97564979467681	   -0.213218991985862	-2.01726217036579e-05	 4.13741001903389e-07	-8.92411344821653e-09	 1.85772064398293e-10
    -9.18888855428171	   -0.213285776107689	-1.89880076566104e-05	 3.80050070969418e-07	-7.99940291784651e-09	 1.62747149090592e-10
    -9.40219294618364	   -0.213348717648615	-1.78986010895499e-05	 3.49808175759136e-07	-7.18918347075714e-09	 1.43013600961694e-10
    -9.61555921967134	   -0.213408119204322	-1.68947803690835e-05	 3.22593236123936e-07	-6.47711662082884e-09	 1.26047838833188e-10
    -9.82898391741387	   -0.213464253404445	-1.59680866548913e-05	 2.98042776236684e-07	-5.84941961534469e-09	 1.11414433234813e-10
    -10.0424638466002	   -0.213517366461945	-1.51110613285147e-05	 2.75844651120849e-07	-5.29453902942123e-09	 9.87427917209516e-11
    -10.2559960534746	   -0.213567681235822	-1.43171091574652e-05	 2.55729004638994e-07	-4.80269823910362e-09	 8.77415917699409e-11
    -10.4695778008055	    -0.21361539988302	-1.35803825042096e-05	 2.37461802221617e-07	-4.36560432248712e-09	  7.8171469297672e-11
    -10.6832065478967	   -0.213660706161506	-1.28956832175143e-05	 2.20839489362135e-07	-3.97614696723281e-09	 6.97939483984555e-11
    -10.8968799328083	   -0.213703767436515	-1.22583790817921e-05	 2.05684609344559e-07	-3.62839713829999e-09	  6.2474025952497e-11
    -11.1105957565052	   -0.213744736433296	-1.16643322594349e-05	 1.91841667440684e-07	-3.31707372680512e-09	 5.60360646773006e-11
    -11.3243519686901	   -0.213783752772641	-1.11098382474315e-05	 1.79174540981819e-07	-3.03782288213483e-09	 5.03672659135646e-11
    -11.5381466551139	   -0.213820944319431	-1.05915731617377e-05	  1.6756332765766e-07	-2.78677925180659e-09	 4.53612702955297e-11
    -11.7519780261846	    -0.21385642837044	-1.01065483522191e-05	 1.56902411507787e-07	-2.56068100057405e-09	 4.09459133265955e-11
    -11.9658444067207	   -0.213890312702601	 -9.6520711441682e-06	 1.47098317082595e-07	-2.35657449110249e-09	 3.70175001762618e-11
    -12.1797442267157	   -0.213922696500739	 -9.2257108493508e-06	 1.38068370958422e-07	-2.17202655861115e-09	 3.35349525926176e-11
    -12.3936760129974	   -0.213953671180211	-8.82526911275206e-06	 1.29739090137804e-07	-2.00483096790549e-09	 3.04292147035312e-11
    -12.6076383816821	   -0.213983321118095	-8.44875416981805e-06	 1.22045212602728e-07	-1.85312876155308e-09	 2.76580980340668e-11
    -12.8216300313346	   -0.214011724304337	-8.09435818325124e-06	 1.14928381478308e-07	-1.71521641334493e-09	 2.51807463769183e-11
    -13.0356497367588	   -0.214038952923054	  -7.760437570349e-06	 1.08336573934054e-07	-1.58964708063536e-09	 2.29618546399024e-11
    -13.2496963433495	   -0.214065073872114	-7.44549564049644e-06	 1.02223212117281e-07	-1.47513956605394e-09	 2.09674499984658e-11
    -13.4637687619482	   -0.214090149228781	-7.14816732342558e-06	 9.65465325464265e-08	-1.37058231430842e-09	 1.91846538655227e-11
    -13.6778659641492	   -0.214114236667604	-6.86720564530289e-06	 9.12689013254919e-08	-1.27489796497571e-09	 1.75670589186439e-11
    -13.8919869780109	   -0.214137389836179	-6.60146994456401e-06	 8.63566680386896e-08	-1.18728138431834e-09	 1.61075597304716e-11
    -14.1061308841315	   -0.214159658693485	-6.34991524217433e-06	 8.17793086582697e-08	-1.10691988908229e-09	 1.47963863383893e-11
     -14.320296812053	   -0.214181089815341	-6.11158290317268e-06	 7.75093549343353e-08	-1.03311359467284e-09	 1.36093358804601e-11
    -14.5344839369614	   -0.214201726670135	-5.88559233766088e-06	  7.3521870369575e-08	-9.65203028613359e-10	  1.2525536163821e-11
    -14.7486914766547	   -0.214221609868666	 -5.6711336610243e-06	 6.97944804173289e-08	-9.02729002660863e-10	 1.15532028388543e-11
    -14.9629186887537	   -0.214240777390304	-5.46746096299721e-06	 6.63066050954342e-08	-8.45092440471262e-10	 1.06645803299443e-11
    -15.1771648681328	   -0.214259264788584	-5.27388648104219e-06	 6.30397360978918e-08	-7.91890109042015e-10	 9.85345138815319e-12
    -15.3914293445502	   -0.214277105377821	-5.08977536521086e-06	 5.99770126896715e-08	-7.42735206671341e-10	 9.11826170124641e-12
      -15.60571148046	   -0.214294330403168	-4.91454082596621e-06	 5.71029850071625e-08	-6.97221391732228e-10	 8.43591863031179e-12
    -15.8200106689898	   -0.214310969195565	-4.74764001034208e-06	 5.44037757066462e-08	-6.55136389582367e-10	 7.82707232360735e-12
    -16.0343263320689	   -0.214327049313073	-4.58857005569205e-06	 5.18664231563548e-08	-6.16081408111313e-10	 7.26307902709777e-12
    -16.2486579186944	   -0.214342596670245	-4.43686470213409e-06	 4.94792571359426e-08	-5.79833514535721e-10	 6.74771349906678e-12
    -16.4630049033232	   -0.214357635656238	-4.29209119891049e-06	 4.72315453414751e-08	-5.46166223358568e-10	 6.27875529346511e-12
    -16.6773667843789	   -0.214372189243226	-4.15384751707898e-06	 4.51135324652796e-08	-5.14863263134657e-10	 5.83466608361505e-12
    -16.8917430828652	   -0.214386279085632	-4.02175969025579e-06	 4.31160218639093e-08	-4.85696816099335e-10	 5.43920464224357e-12
    -17.1061333410747	   -0.214399925611579	-3.89547964631853e-06	 4.12309075770168e-08	-4.58562965377496e-10	 5.07194286569757e-12
    -17.3205371213886	    -0.21441314810639	-3.77468311213661e-06	  3.9450471778224e-08	-4.33240554542635e-10	 4.72932804029824e-12
    -17.5349540051561	   -0.214425964790059	-3.65906759169693e-06	 3.77676747653766e-08	-4.09595024564169e-10	 4.41424674590962e-12
    -17.7493835916513	   -0.214438392888167	-3.54835080408762e-06	 3.61761260947446e-08	-3.87550436187212e-10	 4.13424849909916e-12
    -17.9638254970975	   -0.214450448697422	-3.44226902050319e-06	 3.46697413000641e-08	-3.66890517966567e-10	 3.86490839332509e-12
    -18.1782793537572	   -0.214462147646236	-3.34057566977266e-06	 3.32431451255388e-08	-3.47615713991445e-10	 3.62709862145039e-12
      -18.39274480908	   -0.214473504350477	-3.24304002625974e-06	 3.18910795549243e-08	  -3.295030914785e-10	 3.39706041074805e-12
    -18.6072215249055	   -0.214484532665341	-3.14944600246495e-06	 3.06089562585043e-08	-3.12565529014819e-10	 3.19011483895792e-12
    -18.8217091767173	      -0.214495245733	 -3.0595911359221e-06	 2.93923561045517e-08	-2.96646263109324e-10	 2.98117086572347e-12
    -19.0362074529427	   -0.214505656027096	-2.97328550297331e-06	 2.82373222582066e-08	-2.81792367218259e-10	 2.81863421491835e-12
     -19.250716054297	   -0.214515775393747	-2.89035080257222e-06	 2.71399311913001e-08	-2.67745825510701e-10	 2.63411514822565e-12
    -19.4652346931667	   -0.214525615089756	-2.81061960631982e-06	  2.6096813598997e-08	-2.54609666683336e-10	 2.49289477949333e-12
    -19.6797630930314	   -0.214535185818041	-2.73393452474701e-06	 2.51046650134867e-08	-2.42198261446447e-10	 2.33257857473745e-12
    -19.8943009879191	   -0.214544497760557	-2.66014755948023e-06	  2.4160555778252e-08	-2.30562235969956e-10	 2.20023999020214e-12
    -20.1088481218951	   -0.214553560608991	 -2.5891193170009e-06	 2.32615358086719e-08	-2.19555484903822e-10	 2.07012185171607e-12
    -20.3234042485793	   -0.214562383593337	-2.52071860066767e-06	  2.2405162614092e-08	-2.09245065718733e-10	  1.9622081737225e-12
    -20.5379691306934	   -0.214570975508371	-2.45482171734213e-06	 2.15888187327096e-08	-1.99431582359466e-10	 1.83320025826106e-12
    -20.7525425396322	   -0.214579344738668	-2.39131205459935e-06	 2.08104355969851e-08	 -1.9026691333579e-10	 1.73994152419255e-12
    -20.9671242550611	   -0.214587499281547	-2.33007951466261e-06	 2.00676995021354e-08	-1.81552106681693e-10	 1.63713487211226e-12
    -21.1817140645343	   -0.214595446768888	-2.27102019573995e-06	 1.93587945673812e-08	-1.73400849234895e-10	 1.56674673235102e-12
    -21.3963117631365	   -0.214603194487159	-2.21403587911467e-06	  1.8681645563845e-08	-1.65561786502622e-10	 1.45483625146881e-12
     -21.610917153142	   -0.214610749396511	-2.15903379075783e-06	 1.80347830003313e-08	-1.58308033348931e-10	 1.41064937508872e-12
    -21.8255300436944	   -0.214618118148331	-2.10592610190326e-06	 1.74163301558394e-08	-1.51285650673572e-10	 1.30295774170008e-12
    -22.0401502505025	   -0.214625307101885	-2.05462978465998e-06	 1.68249938425902e-08	-1.44754874753517e-10	 1.24744659046883e-12
    -22.2547775955526	   -0.214632322339811	-2.00506608052909e-06	 1.62591184960093e-08	-1.38479006039915e-10	 1.16928688953521e-12
    -22.4694119068367	   -0.214639169682752	-1.95716052763216e-06	 1.57176072157483e-08	-1.32639677019597e-10	 1.12887477143886e-12
    -22.6840530180939	   -0.214645854702888	-1.91084241937236e-06	 1.51989580920997e-08	-1.27009958106328e-10	 1.06781250508448e-12
    -22.8987007685662	   -0.214652382736957	-1.86604476424873e-06	 1.47021275154202e-08	-1.21670229447091e-10	 1.00430774807592e-12
    -23.1133550027665	   -0.214658758898132	-1.82270400519183e-06	 1.42260447866249e-08	-1.16655130000254e-10	 9.60120871695835e-13
    -23.3280155702582	    -0.21466498808747	-1.78075976855829e-06	  1.3769601459046e-08	-1.11888720510933e-10	  9.2370555648813e-13
    -23.5426823254469	   -0.214671075004505	-1.74015466393944e-06	 1.33317343831152e-08	-1.07299502616343e-10	 8.72413252750448e-13
    -23.7573551273807	   -0.214677024157358	-1.70083428029472e-06	 1.29116521918604e-08	-1.02944319735343e-10	  8.1734619072904e-13
    -23.9720338395628	   -0.214682839872083	-1.66274680369695e-06	 1.25084724800217e-08	-9.88462645068466e-11	 7.83595410780435e-13
    -24.1867183297713	   -0.214688526301648	-1.62584294707357e-06	 1.21213168391421e-08	 -9.4941388084635e-11	 7.54729612140181e-13
    -24.4014084698888	   -0.214694087434338	-1.59007583911955e-06	 1.17494214357805e-08	-9.11750674958967e-11	 6.98996416303999e-13
      -24.61610413574	    -0.21469952710156	 -1.5554008766251e-06	  1.1392161880508e-08	-8.76898553769934e-11	 6.85007606193722e-13
    -24.8308052069373	   -0.214704848985439	-1.52177550054314e-06	 1.10486522153508e-08	-8.42734770856168e-11	 6.46371844936766e-13
    -25.0455115667332	   -0.214710056625816	-1.48915919699702e-06	 1.07183182329607e-08	-8.10094213932189e-11	 6.05293593025635e-13
    -25.2602231018803	   -0.214715153426913	-1.45751343809145e-06	 1.04006949719349e-08	-7.79829534280907e-11	 5.90638649100583e-13
    -25.4749397024973	   -0.214720142663588	-1.42680132035765e-06	 1.00949391068639e-08	-7.49889039752816e-11	 5.48672218769752e-13
    -25.6896612619418	   -0.214725027487421	-1.39698777058332e-06	 9.80078507240023e-09	-7.22648607620613e-11	 5.46673817325427e-13
    -25.9043876766879	   -0.214729810932154	-1.36803925816253e-06	 9.51748235777927e-09	-6.95639101877532e-11	 5.12923037376822e-13
    -26.1191188462109	   -0.214734495919205	-1.33992374291757e-06	 9.24459708784298e-09	-6.69881927706228e-11	 4.90052443069544e-13
    -26.3338546728757	   -0.214739085262609	-1.31261066155459e-06	 8.98169805196858e-09	-6.45350439754111e-11	 4.64073224293315e-13
    -26.5485950618313	   -0.214743581673833	-1.28607087200252e-06	 8.72842642607452e-09	-6.22226714597218e-11	 4.37205827097387e-13
    -26.7633399209094	   -0.214747987766271	-1.26027638279147e-06	 8.48420667054484e-09	-6.00177685328163e-11	 4.38538094726937e-13
    -26.9780891605274	   -0.214752306059655	-1.23520045539589e-06	 8.24864265780434e-09	-5.78350700664032e-11	 4.01234601099532e-13
    -27.1928426935963	   -0.214756538983983	-1.21081767607517e-06	 8.02154609402805e-09	-5.58362245328681e-11	 3.94351218346856e-13
    -27.4076004354319	   -0.214760688883466	-1.18710348376266e-06	 7.80228903707325e-09	-5.38409317130117e-11	 3.74145159298678e-13
      -27.62236230367	   -0.214764758020266	  -1.164034546167e-06	 7.59077645184902e-09	-5.19810861021597e-11	  3.5438318946035e-13
    -27.8371282181857	   -0.214768748577786	-1.14158847455432e-06	 7.38654870602318e-09	-5.01936270325132e-11	 3.44613226843649e-13
    -28.0518981010152	   -0.214772662664252	-1.11974377707556e-06	 7.18938153454474e-09	-4.85012030537746e-11	 3.32400773572772e-13
    -28.2666718762821	   -0.214776502315592	-1.09847990458914e-06	 6.99882551913333e-09	-4.68012295584685e-11	 3.05755420981768e-13
    -28.4814494701252	   -0.214780269498702	 -1.0777771464828e-06	  6.8148415799385e-09	-4.52842208176207e-11	 3.08197911635943e-13
    -28.6962308106312	   -0.214783966114013	-1.05761662305923e-06	 6.63694477154309e-09	-4.37281322263061e-11	 2.77333711551364e-13
    -28.9110158277684	    -0.21478759399848	-1.03798019487849e-06	  6.4650320652504e-09	-4.23092672008352e-11	 2.78443934575989e-13
     -29.125804453324	   -0.214791154927942	-1.01885043584168e-06	 6.29872021207234e-09	-4.08983957811415e-11	 2.69340105774063e-13
    -29.3405966208443	   -0.214794650619753	 -1.0002107232385e-06	 6.13795370085768e-09	-3.95696808652701e-11	 2.52464715799761e-13
    -29.5553922655762	    -0.21479808273495	-9.82045017438887e-07	 5.98240967875086e-09	-3.83217901855915e-11	 2.63122856836162e-13
    -29.7701913244118	   -0.214801452880691	-9.64337871133088e-07	 5.83180348456835e-09	-3.70183883546815e-11	 2.32702745961433e-13
    -29.9849937358353	   -0.214804762612195	 -9.4707457665013e-07	 5.68612223972309e-09	-3.58535423572448e-11	 2.29150032282632e-13
    -30.1997994398716	   -0.214808013434894	-9.30240934717165e-07	 5.54512213923886e-09	 -3.4730440745534e-11	 2.16715534406831e-13
    -30.4146083780368	   -0.214811206806304	-9.13823263445261e-07	 5.40856159858549e-09	-3.36486394303392e-11	  2.1493917756743e-13
    -30.6294204932912	   -0.214814344137924	-8.97808401763976e-07	   5.276233228102e-09	-3.25579563309475e-11	 1.94289029309402e-13
    -30.8442357299937	    -0.21481742679698	-8.82183806250958e-07	 5.14812059648762e-09	-3.15698578390311e-11	 1.92734717074927e-13
    -31.0590540338577	   -0.214820456108072	-8.66937268481073e-07	 5.02390484768966e-09	-3.05866443284231e-11	 1.93844940099552e-13
    -31.2738753519096	   -0.214823433354876	-8.52057119272078e-07	 4.90354690185768e-09	-2.96527247201084e-11	 1.86517468137026e-13
    -31.4886996324475	   -0.214826359781568	-8.37532174846913e-07	 4.78690198590925e-09	-2.87614376759393e-11	 1.84074977482851e-13
    -31.7035268250029	   -0.214829236594383	 -8.2335151579214e-07	 4.67372407442213e-09	-2.78572720446846e-11	 1.68975944347949e-13
    -31.9183568803028	   -0.214832064963025	-8.09504807252884e-07	 4.56404691817625e-09	-2.70072852970316e-11	 1.45883305435746e-13
    -32.1331897502334	   -0.214834846021896	-7.95981962057346e-07	 4.45766490386745e-09	-2.62594390676441e-11	 1.66311409088848e-13
    -32.3480253878057	    -0.21483758087158	-7.82773282712941e-07	 4.35438973767077e-09	 -2.5444979456779e-11	 1.47659662275146e-13
    -32.5628637471215	   -0.214840270579847	-7.69869456541382e-07	  4.2541627998105e-09	-2.46767051237384e-11	 1.35669253609194e-13
    -32.7777047833412	   -0.214842916183051	-7.57261553963182e-07	 4.15700052158741e-09	-2.40256703420982e-11	 1.52322598978571e-13
    -32.9925484526526	   -0.214845518687071	-7.44940814498257e-07	 4.06246014605927e-09	-2.32072139283446e-11	 1.12798659301916e-13
    -33.2073947122412	   -0.214848079068572	-7.32898932044412e-07	 3.97086985515216e-09	-2.26392238289463e-11	 1.46105350040671e-13
    -33.4222435202603	   -0.214850598275837	-7.21127847714776e-07	 3.88172205489923e-09	-2.18500773030428e-11	 9.37028232783632e-14
     -33.637094835804	   -0.214853077229983	-7.09619769139386e-07	 3.79531428507107e-09	 -2.1319390697272e-11	 1.24789067967868e-13
    -33.8519486188796	   -0.214855516825722	-6.98367202070397e-07	 3.71127084619616e-09	-2.06870076624455e-11	 1.10800257857591e-13
    -34.0668048303819	   -0.214857917932426	-6.87362902095799e-07	 3.62971119827193e-09	-2.01687555545504e-11	 1.23234755733392e-13
    -34.2816634320675	   -0.214860281394842	-6.76599843127953e-07	 3.55030316256943e-09	-1.95283789139467e-11	 9.50350909079134e-14
    -34.4965243865313	   -0.214862608034122	-6.66071257700627e-07	 3.47315154414218e-09	 -1.8997248218966e-11	  1.0369483049999e-13
    -34.7113876571825	   -0.214864898648495	-6.55770664078451e-07	 3.39824479667072e-09	 -1.8558932168844e-11	 1.28341781646668e-13
    -34.9262532082218	   -0.214867154014036	-6.45691734106249e-07	 3.32529914714996e-09	-1.80135906191481e-11	 1.11688436277291e-13
    -35.1411210046202	   -0.214869374885534	-6.35828360093214e-07	 3.25436477766061e-09	-1.74975589573023e-11	 9.45910016980633e-14
    -35.3559910120971	   -0.214871561997075	-6.26174698730457e-07	 3.18550430478126e-09	 -1.7107648631054e-11	 1.11466391672366e-13
    -35.5708631971004	   -0.214873716062731	-6.16724946390329e-07	 3.11821635179399e-09	-1.65427671561247e-11	 9.76996261670138e-14
    -35.7857375267863	   -0.214875837777459	-6.07473650253697e-07	 3.05294012292734e-09	-1.61217705851868e-11	 9.34807786734382e-14
    -36.0006139690005	   -0.214877927817261	-5.98415549523339e-07	 2.98931235320765e-09	-1.56235024917351e-11	 6.90558721316847e-14
    -36.2154924922595	   -0.214879986840366	-5.89545444418364e-07	 2.92757151854062e-09	-1.52944323872362e-11	 8.21565038222616e-14
     -36.430373065733	   -0.214882015487254	-5.80858315505057e-07	 2.86727841469769e-09	-1.48676626565702e-11	  8.5265128291212e-14
    -36.6452556592261	   -0.214884014381765	-5.72349337926018e-07	 2.80864842494566e-09	 -1.4507062218172e-11	 9.01501095995627e-14
    -36.8601402431629	   -0.214885984131152	 -5.6401391064294e-07	 2.75153944073736e-09	 -1.4065637543581e-11	 5.15143483426073e-14
    -37.0750267885705	    -0.21488792532688	-5.55847422132308e-07	 2.69587197010424e-09	-1.37401201527609e-11	  8.5043083686287e-14
    -37.2899152670626	   -0.214889838545201	-5.47845525040152e-07	 2.64168109609386e-09	-1.33448807559944e-11	 5.19584375524573e-14
    -37.5048056508249	    -0.21489172434727	 -5.4000404362818e-07	 2.58894328197812e-09	-1.31006316905768e-11	 9.59232693276135e-14
    -37.7196979126003	   -0.214893583280081	-5.32318757302792e-07	 2.53746801348598e-09	-1.27169386132664e-11	 6.99440505513849e-14
    -37.9345920256743	   -0.214895415876469	-5.24785740837401e-07	  2.4872175430346e-09	-1.23283605546476e-11	 5.86197757002083e-14
    -38.1494879638615	   -0.214897222655978	-5.17401150590937e-07	 2.43839126667922e-09	-1.20286003379988e-11	 4.39648317751562e-14
    -38.3643857014923	   -0.214899004124827	 -5.1016128583508e-07	 2.39081154873588e-09	-1.17954535028275e-11	 6.94999613415348e-14
    -38.5792852133993	   -0.214900760776724	-5.03062411531597e-07	 2.34434383017401e-09	-1.14943610185492e-11	 6.57252030578093e-14
    -38.7941864749055	   -0.214902493092941	-4.96101074660898e-07	 2.29900853909726e-09	-1.11981535155792e-11	 6.57252030578093e-14
    -39.0090894618117	   -0.214904201542906	-4.89273873851274e-07	  2.2547954614538e-09	-1.08726361247591e-11	 4.21884749357559e-14
    -39.2239941503845	   -0.214905886584397	-4.82577508687727e-07	 2.21173257486385e-09	-1.06630260177099e-11	 6.75015598972095e-14
    -39.4389005173452	   -0.214907548664006	-4.76008731337501e-07	 2.16961426602325e-09	-1.03028696685215e-11	 1.99840144432528e-14
    -39.6538085398586	   -0.214909188217426	-4.69564535282153e-07	 2.12868300764057e-09	 -1.0105694059348e-11	  2.8643754035329e-14
     -39.868718195522	   -0.214910805669755	-4.63241787392742e-07	 2.08869499473963e-09	-9.92228521567995e-12	 5.48450174164827e-14
    -40.0836294623547	    -0.21491240143585	-4.57037560800847e-07	 2.04956096538922e-09	-9.64117674584486e-12	 4.15223411209809e-14
    -40.2985423187882	   -0.214913975920643	-4.50949109566459e-07	 2.01148875333956e-09	-9.43778388773353e-12	 4.39648317751562e-14
    -40.5134567436558	   -0.214915529519285	-4.44973553011904e-07	 1.97413818625591e-09	-9.13447095740594e-12	 2.90878432451791e-14
    -40.7283727161836	   -0.214917062617717	-4.39108306833659e-07	 1.93788318725296e-09	-8.99902374840167e-12	 5.08482145278322e-14
    -40.9432902159807	   -0.214918575592551	 -4.3335072660217e-07	 1.90232274377422e-09	-8.74633698799698e-12	 4.32986979603811e-14
    -41.1582092230304	   -0.214920068811784	-4.27698322225353e-07	  1.8677281943269e-09	-8.52784509675075e-12	 1.55431223447522e-14
    -41.3731297176813	   -0.214921542634535	 -4.2214859825072e-07	    1.83389214925e-09	-8.39417424458588e-12	 5.24025267623074e-14
    -41.5880516806388	   -0.214922997411857	-4.16699150526617e-07	 1.80083370437956e-09	-8.18722867279575e-12	 4.08562073062058e-14
    -41.8029750929572	   -0.214924433486434	-4.11347691479871e-07	 1.76847603228225e-09	-7.99138533125188e-12	 5.17363929475323e-14
    -42.0178999360308	   -0.214925851193265	-4.06091963732273e-07	 1.73695458016709e-09	 -7.8097528444232e-12	 4.04121180963557e-14
    -42.2328261915868	   -0.214927250859452	-4.00929766780767e-07	 1.70600022997291e-09	-7.58859641791787e-12	  4.2632564145606e-14
    -42.4477538416776	   -0.214928632804947	-3.95859028226675e-07	 1.67599623068782e-09	-7.39808214689219e-12	-8.88178419700125e-16
    -42.6626828686729	    -0.21492999734196	 -3.9087753967769e-07	 1.64642077749022e-09	-7.41984251817485e-12	 1.21902488103842e-13
    -42.8776132552533	   -0.214931344776545	-3.85983627972178e-07	 1.61781033014563e-09	-6.88116230662672e-12	-5.77315972805081e-15
    -43.0925449844026	    -0.65192138537208	-3.50677830430329e-06	                    0	                    0	                    0
0.250273487713659
0.252426730775736
0.256555021903766
0.262331343027054
 0.26932862677093
0.277073918651002
0.285096629290054
0.292965411365122
0.300313236901173
0.306852887458621
0.312385653876743
0.316805555755963
0.320100618969013
0.322352110705815
0.323732301651206
0.324501384559828
 0.32498670979236
0.325390245299289
0.325740536420471
0.326046911568001
0.326316700675191
0.326555734105226
 0.32676870091274
 0.32695941026026
0.327130984962592
0.327286006693943
0.327426626261081
0.327554648286923
0.327671596915644
0.327778767280396
0.327877266176318
0.327968044468285
0.328051923111537
0.328129614194302
0.328201738069332
0.328268837389443
0.328331388674916
0.328389811900179
  0.3284444784809
 0.32849571796167
0.328543823642123
0.328589057331249
0.328631653382099
0.328671822129655
0.328709752831411
0.328745616191912
0.328779566537611
0.328811743696805
0.328842274629855
0.328871274847128
 0.32889884964598
0.328925095192883
0.328950099472629
0.328973943123111
0.328996700171323
0.329018438683742
0.329039221342503
0.329059105956878
0.329078145918275
0.329096390605929
0.329113885749309
0.329130673752392
0.329146793984512
0.329162283041592
0.329177174981196
0.329191501534434
0.329205292297259
0.329218574903434
0.329231375181223
0.329243717295467
0.329255623876659
0.329267116138345
0.329278213984053
0.329288936104811
0.329299300068212
 0.32930932239985
0.329319018657854
0.329328403501219
0.329337490752512
0.329346293455463
0.329354823927908
0.329363093810591
0.329371114112065
0.329378895250182
0.329386447090335
 0.32939377898088
0.329400899785844
0.329407817915251
0.329414541353227
0.329421077684051
0.329427434116368
0.329433617505673
0.329439634375226
0.329445490935528
0.329451193102437
0.329456746514086
0.329462156546655
 0.32946742832908
0.329472566756821
0.329477576504703
0.329482462038973
0.329487227628546
0.329491877355558
0.329496415125252
0.329500844675273
0.329505169584356
0.329509393280526
0.329513519048758
0.329517550038242
0.329521489269114
0.329525339638958
0.329529103928733
0.329532784808512
0.329536384842863
0.329539906495798
0.329543352135668
 0.32954672403959
0.329550024397725
0.329553255317315
0.329556418826465
0.329559516877767
0.329562551351692
0.329565524059816
0.329568436747904
0.329571291098786
0.329574088735106
0.329576831221958
0.329579520069332
0.329582156734477
0.329584742624144
0.329587279096693
0.329589767464131
0.329592208994004
0.329594604911249
0.329596956399927
0.329599264604858
0.329601530633228
0.329603755556072
0.329605940409711
0.329608086197106
 0.32961019388919
0.329612264426077
0.329614298718263
0.329616297647771
0.329618262069208
0.329620192810806
0.329622090675432
0.329623956441492
0.329625790863879
0.329627594674794
0.329629368584615
0.329631113282631
0.329632829437875
0.329634517699796
 0.32963617869894
0.329637813047694
 0.32963942134082
0.329641004156174
0.329642562055203
0.329644095583558
0.329645605271627
0.329647091635042
0.329648555175194
0.329649996379701
0.329651415722848
0.329652813666086
 0.32965419065838
0.329655547136691
 0.32965688352631
0.329658200241264
0.329659497684691
 0.32966077624914
0.329662036316958
0.329663278260599
0.329664502442918
0.329665709217487
0.329666898928878
0.329668071912951
0.329669228497109
0.329670369000559
0.329671493734567
0.329672603002704
0.329673697101052
0.329674776318454
0.329675840936733
0.329676891230857
0.329677927469197
0.329678949913694
0.329679958820023
 0.32968095443782
0.329681937010828
0.329682906777078
0.329683863969016
0.329684808813738
0.329685741533065
 0.32968666234372
0.329687571457491
0.329688469081313
0.329689355417475
0.329690230663704
