                   50	   -0.370364115973775	  -0.0018468126915667	 4.61688736352883e-06	 1.66590501393671e-08	-6.11581985054954e-09
     49.6277936987653	   -0.374043854637692	 -0.00183292323337442	 4.62236534026772e-06	-1.39200295734554e-08	 7.39146521766543e-09
      49.251921536731	   -0.377695852731234	 -0.00181906574288285	 4.64059972982156e-06	 2.30373666809669e-08	-3.41331984898829e-09
     48.8724112784806	    -0.38131998733495	 -0.00180503985270397	 4.69861599849963e-06	 5.97067906227267e-09	 1.45373846294206e-09
     48.4892909573334	   -0.384915940040957	 -0.00179089364325012	 4.73703609360498e-06	 1.32393962459787e-08	-6.51431353304588e-10
     48.1025888732732	   -0.388483466518719	 -0.00177660961289424	 4.78347949162128e-06	 9.98230298421277e-09	 2.55182541764043e-10
     47.7123335908586	   -0.392022294100926	 -0.00176219672877048	 4.82596053386075e-06	 1.12582183575682e-08	 -1.3541345822432e-10
     47.3185539371122	   -0.395532165321053	 -0.00174765265198638	 4.86963921364492e-06	  1.0581130638343e-08	  3.2532643245986e-11
     46.9212789993921	   -0.399012819220179	 -0.00173297992223292	 4.91228899512919e-06	  1.0743834266691e-08	-4.00159905211694e-11
     46.5205381232425	   -0.402463999422426	 -0.00171817899240031	 4.95486413321089e-06	 1.05437463204794e-08	-8.99413876709332e-12
     46.1163609102265	    -0.40588545068481	 -0.00170325122747017	 4.99694920286231e-06	   1.049872722092e-08	-2.25606200388029e-11
     45.7087772157396	   -0.409276920410035	 -0.00168819761309822	 5.03871853219096e-06	 1.03859001399087e-08	-1.69491087831375e-11
      45.297817146804	   -0.412638158021759	 -0.00167301931159954	 5.08009257682573e-06	 1.03012123275903e-08	-1.95967686522636e-11
     44.8835110598448	   -0.415968915260381	 -0.00165771742255605	 5.12110144779143e-06	 1.02032373661132e-08	-1.86775039878739e-11
     44.4658895584479	    -0.41926894608159	 -0.00164229308556872	 5.16172776343637e-06	 1.01098542870659e-08	-1.92748039751223e-11
     44.0449834910991	   -0.422538006726405	 -0.00162674743590015	  5.2019744485321e-06	 1.00135419955905e-08	-1.92343918570259e-11
     43.6208239489055	   -0.425775855716831	 -0.00161108162365041	  5.2418362104234e-06	 9.91739401712266e-09	-1.94639859785184e-11
     43.1934422632992	   -0.428982253883274	 -0.00159529680529725	 5.28131110755226e-06	 9.82010472938555e-09	-1.95750082809809e-11
     42.7628700037222	   -0.432156964378002	 -0.00157939414709638	 5.32039577638699e-06	 9.72222835571301e-09	-1.97193372741822e-11
     42.3291389752954	   -0.435299752694523	 -0.00156337482359032	 5.35908744669911e-06	 9.62360502398951e-09	-1.98574490184455e-11
     41.8922812164685	   -0.438410386684252	 -0.00154724001818596	 5.39738333227291e-06	 9.52424450417766e-09	-1.99875671569316e-11
     41.4523289966537	   -0.441488636573585	 -0.00153099092259721	 5.43528036711649e-06	 9.42427824668357e-09	-2.01367811314412e-11
      41.009314813842	    -0.44453427498125	 -0.00151462873719309	 5.47277601548046e-06	 9.32357746563639e-09	-2.02895478196297e-11
     40.5632713922029	   -0.447547076934699	 -0.00149815467057828	 5.50986738190318e-06	 9.22217768817291e-09	-2.04227745825847e-11
     40.1142316796667	    -0.45052681988714	 -0.00148156993959553	 5.54655171658425e-06	 9.12012065867884e-09	-2.05671035757859e-11
     39.6622288454912	   -0.453473283733539	 -0.00146487576939724	 5.58282648999153e-06	  9.0172482813955e-09	 -2.0664803201953e-11
     39.2072962778114	   -0.456386250827168	 -0.00144807339307868	 5.61868874626725e-06	 8.91388030055396e-09	-2.08233430498694e-11
     38.7494675811729	   -0.459265505995706	 -0.00143116405179601	 5.65413608555332e-06	  8.8097271699894e-09	-2.09374739768009e-11
     38.2887765740503	   -0.462110836556822	 -0.00141414899455037	 5.68916554932741e-06	 8.70507577133139e-09	-2.10804707023726e-11
     37.8252572863485	   -0.464922032334375	 -0.00139702947825482	 5.72377501750765e-06	 8.59961701848988e-09	-2.11954898077238e-11
     37.3589439568893	   -0.467698885673312	 -0.00137980676745259	 5.75796148805097e-06	 8.49369374833486e-09	-2.13540296556403e-11
     36.8898710308824	    -0.47044119145578	  -0.0013624821343716	 5.79172285952723e-06	 8.38692226778903e-09	-2.14384066055118e-11
     36.4180731573805	   -0.473148747115435	 -0.00134505685863626	 5.82505617874318e-06	 8.27974755424066e-09	 -2.1585844223182e-11
     35.9435851867208	   -0.475821352653094	 -0.00132753222746865	 5.85795927499078e-06	  8.1718836142386e-09	 -2.1704416042212e-11
     35.4664421679497	   -0.478458810651208	 -0.00130990953538617	 5.89042980791987e-06	 8.06330557878709e-09	-2.17954543302312e-11
     34.9866793462344	   -0.481060926288323	 -0.00129219008408718	 5.92246508102079e-06	 7.95427368416313e-09	-2.19255724687173e-11
     34.5043321602595	   -0.483627507353781	 -0.00127437518245433	 5.95406293157907e-06	  7.8445943074712e-09	-2.20339302359207e-11
     34.0194362396087	   -0.486158364261659	 -0.00125646614643413	 5.98522090200504e-06	 7.73443264989737e-09	-2.21787033183318e-11
     33.5320274021338	   -0.488653310065016	  -0.0012384642989209	 6.01593685267687e-06	 7.62358887129722e-09	-2.22821761042269e-11
      33.042141651308	   -0.491112160469352	 -0.00122037096964849	 6.04620840238823e-06	 7.51217221761635e-09	-2.23705498569871e-11
     32.5498151735672	   -0.493534733846577	 -0.00120218749511109	  6.0760333333576e-06	 7.40024308498732e-09	-2.24837926054988e-11
     32.0550843356366	   -0.495920851248281	 -0.00118391521849443	 6.10540941625715e-06	 7.28779614433961e-09	-2.26023644245288e-11
     31.5579856818444	   -0.498270336418842	 -0.00116555548948995	 6.13433453100498e-06	 7.17476122957805e-09	 -2.2699619961486e-11
     31.0585559314227	   -0.500583015808681	 -0.00114710966432619	 6.16280657350643e-06	 7.06121561222517e-09	-2.28159713344667e-11
     30.5568319757947	   -0.502858718586808	 -0.00112857910547194	  6.1908232797947e-06	 6.94717883220619e-09	-2.29207763879913e-11
     30.0528508758499	   -0.505097276653826	 -0.00110996518176685	 6.21838277847786e-06	 6.83257184164177e-09	-2.30180319249484e-11
     29.5466498592067	   -0.507298524653818	 -0.00109126926817625	 6.24548289085425e-06	 6.71750211012068e-09	-2.31197283540041e-11
     29.0382663174619	   -0.509462299987066	 -0.00107249274568415	 6.27212172155112e-06	 6.60190124790461e-09	-2.32160957125416e-11
     28.5277378034296	   -0.511588442821779	 -0.00105363700127915	 6.29829717979646e-06	 6.48585452012185e-09	-2.33142394279184e-11
     28.0151020283663	   -0.513676796105942	 -0.00103470342775541	   6.324007417291e-06	 6.36931485331615e-09	-2.34088304296165e-11
     27.5003968591859	   -0.515727205578992	 -0.00101569342370418	  6.3492505582019e-06	 6.25226537209755e-09	-2.34927632902782e-11
     26.9836603156625	   -0.517739519783123	-0.000996608393359841	 6.37402468495196e-06	 6.13479755884327e-09	 -2.3590907005655e-11
     26.4649305676219	   -0.519713590074527	-0.000977449746432552	 6.39832798920992e-06	 6.01684124745816e-09	-2.36726194202674e-11
     25.9442459321221	   -0.521649270634448	-0.000958218898139963	 6.42215864665729e-06	 5.89848969667628e-09	-2.37752040277428e-11
     25.4216448706229	   -0.523546418479705	-0.000938917269012667	 6.44551494310974e-06	 5.77965053594198e-09	-2.38467023905287e-11
     24.8971659861449	   -0.525404893473507	-0.000919546284750152	 6.46839503293251e-06	 5.66045077476929e-09	-2.39372965893381e-11
     24.3708480204182	   -0.527224558335824	-0.000900107376323905	 6.49079744974301e-06	 5.54075896275208e-09	-2.40127917550126e-11
     23.8427298510203	   -0.529005278653152	-0.000880601979550325	  6.5127202946158e-06	 5.42071632025909e-09	-2.40936159912053e-11
     23.3128504885045	   -0.530746922888972	-0.000861031535308928	 6.53416219087433e-06	 5.30022159495047e-09	-2.41739961381882e-11
     22.7812490735184	   -0.532449362392977	-0.000841397489148834	 6.55512131508829e-06	 5.17938225641501e-09	-2.42494913038627e-11
     22.2479648739128	   -0.534112471411073	-0.000821701291405642	 6.57559632788463e-06	 5.05811037498916e-09	-2.43236542019076e-11
     21.7130372818404	   -0.535736127094077	-0.000801944396995429	 6.59558555238249e-06	 4.93651164390485e-09	-2.43991493675821e-11
      21.176505810847	   -0.537320209507331	-0.000782128265254264	 6.61508760746443e-06	   4.814509679818e-09	-2.44608777677513e-11
     20.6384100929521	   -0.538864601639311	 -0.00076225435998792	 6.63410102585971e-06	 4.69215244436327e-09	-2.45212739002909e-11
     20.0987898757214	   -0.540369189410204	-0.000742324149201752	 6.65262436250202e-06	 4.56951987359844e-09	-2.46123121883102e-11
     19.5576850193313	   -0.541833861680498	-0.000722339105109736	 6.67065635440167e-06	 4.44646452990582e-09	-2.46647147150725e-11
     19.0151354936238	   -0.543258510259087	-0.000702300703908247	 6.68819556093325e-06	 4.32311608733471e-09	-2.47268872044515e-11
     18.4711813751548	   -0.544643029911421	-0.000682210425795657	 6.70524069423806e-06	 4.19951184937872e-09	-2.48157050464215e-11
      17.925862844233	   -0.545987318366936	-0.000662069754800272	 6.72179062988221e-06	 4.07545641678553e-09	-2.48445708450618e-11
     17.3792201819525	   -0.547291276327068	-0.000641880178615732	  6.7378439769783e-06	 3.95120203222632e-09	-2.49151810294279e-11
      16.831293767217	   -0.548554807472139	-0.000621643188632638	  6.7533996501723e-06	 3.82661546893814e-09	-2.49671394669804e-11
     16.2821240737576	   -0.549777818468827	-0.000601360279652277	 6.76845643532431e-06	 3.70176955755142e-09	-2.50217624397919e-11
     15.7317516671423	   -0.550960218976859	-0.000581032949949357	 6.78301328527198e-06	 3.57664120542722e-09	 -2.5077717680233e-11
     15.1802172017803	     -0.5521019216557	-0.000560662701031995	 6.79706907202871e-06	 3.45125350520448e-09	-2.51301202069953e-11
     14.6275614179188	   -0.553202842171208	-0.000540251037588845	 6.81062279905831e-06	  3.3255940223853e-09	-2.51749732171902e-11
     14.0738251386332	   -0.554262899201484	-0.000519799467372401	 6.82367342985657e-06	 3.19971071860436e-09	-2.52269316547427e-11
     13.5190492668123	   -0.555282014443203	-0.000499309501082958	 6.83622003627704e-06	 3.07356629036803e-09	 -2.5267343772839e-11
     12.9632747821363	   -0.556260112617358	 -0.00047878265225027	 6.84826162800078e-06	 2.94723179194989e-09	 -2.5314861318293e-11
     12.4065427380502	   -0.557197121474622	-0.000458220437129743	  6.8597973985618e-06	 2.82064860357423e-09	-2.53566057040189e-11
     11.8488942587312	   -0.558092971800884	-0.000437624374613846	 6.87082645534076e-06	 2.69385225237784e-09	-2.53899123947576e-11
     11.2903705360506	   -0.558947597422289	-0.000416995986041269	  6.8813479581209e-06	 2.56688359456803e-09	-2.54329890481131e-11
     10.7310128265317	   -0.559760935210099	-0.000396336795194635	 6.89136116083233e-06	 2.43971953750588e-09	-2.54711807201602e-11
     10.1708624483018	   -0.560532925085509	-0.000375648328099752	 6.90086532006973e-06	 2.31237429204612e-09	 -2.5507151946158e-11
     9.60996077804037	   -0.561263510023752	-0.000354932112958375	  6.9098597519357e-06	  2.1848372000477e-09	-2.55329091203294e-11
     9.04834924792272	   -0.561952636058759	-0.000334189680007929	 6.91834373345301e-06	 2.05718642121155e-09	-2.55750975952651e-11
     8.48606934255929	    -0.56260025228671	-0.000313422561449015	 6.92631674414912e-06	 1.92931004505681e-09	-2.55910848068197e-11
     7.92316259593159	   -0.563206310870096	-0.000292632291276993	 6.93377808236306e-06	 1.80134129834641e-09	-2.56208387838797e-11
     7.35967058832402	   -0.563770767041116	-0.000271820405196769	 6.94072723472772e-06	 1.67324110122991e-09	-2.56497045825199e-11
     6.79563494325254	   -0.564293579105117	-0.000250988440538081	 6.94716371008042e-06	 1.54500412463676e-09	-2.56705767753829e-11
     6.23109732438993	   -0.564774708443401	-0.000230137936092655	 6.95308701370578e-06	 1.41665523756274e-09	-2.56914489682458e-11
     5.66609943248841	   -0.565214119516349	-0.000209270432029137	 6.95849672105453e-06	 1.28819976907835e-09	-2.57096566258497e-11
     5.10068300229924	   -0.565611779866025	-0.000188387469766539	 6.96339241645916e-06	 1.15965548275199e-09	-2.57291965510831e-11
     4.53488979948979	    -0.56596766011833	-0.000167490591871762	 6.96777375353008e-06	 1.03101882586998e-09	-2.57429633165884e-11
     3.96876161755862	   -0.566281733985454	-0.000146581341930851	  6.9716403992004e-06	 9.02305785643875e-10	-2.57553978144642e-11
     3.40234027474819	   -0.566553978267646	-0.000125661264456346	  6.9749920736939e-06	 7.73525243857875e-10	-2.57665000447105e-11
     2.83566761095592	   -0.566784372855098	-0.000104731904746459	 6.97782851766249e-06	 6.44693187723533e-10	-2.57758259181173e-11
     2.26878548464351	   -0.566972900729144	-8.37948087931872e-05	 6.98014952504877e-06	 5.15818499025045e-10	-2.57851517915242e-11
     1.70173576974513	   -0.567119547963781	-6.28515231652029e-05	 6.98195494486242e-06	 3.86890519621375e-10	-2.57891485944128e-11
     1.13456035257423	   -0.567224303726688	-4.19035948772488e-05	 6.98324461723132e-06	  2.5794655300615e-10	 -2.5794477664931e-11
    0.567301128729433	   -0.567287160279784	-2.09525712905688e-05	 6.98401846044305e-06	 1.28977717395173e-10	-2.57949217541409e-11
                    0	    -1.00000307782108	                    0	                    0	                    0	                    0
    -43.0925449844026	   -0.429731077739582	  0.00159142501875014	 5.35997688277945e-06	-5.86246517997324e-09	-6.56040732849306e-09
    -43.5206792895694	   -0.426532204023303	  0.00160740417053387	  5.2709229541037e-06	-3.86644902761191e-08	  8.4455717974663e-09
    -43.9455988487181	   -0.423301695343497	   0.0016230694081723	 5.20072078646905e-06	   3.563376260729e-09	 -3.9073833058012e-09
    -44.3672722742767	   -0.420039959648203	  0.00163865387695925	 5.17590047355299e-06	-1.59735149551921e-08	 1.66564140258174e-09
    -44.7856684184553	   -0.416747179758717	  0.00165410239370951	 5.12866276292101e-06	-7.64537588793246e-09	-7.44683426034953e-10
    -45.2007563755476	   -0.413423623287906	  0.00166943506290931	 5.09063435405466e-06	-1.13688303216009e-08	 2.93820079377838e-10
    -45.6125054842133	   -0.410069525265267	  0.00168464169119317	 5.04809719981125e-06	-9.89976456367003e-09	-1.53134838143387e-10
     -46.020885329743	   -0.406685137956007	  0.00169972505286335	 5.00696680116874e-06	-1.06654649556504e-08	 3.95261601227048e-11
    -46.4258657463053	   -0.403270709414088	  0.00171468235573568	  4.9647002633435e-06	-1.04678177237361e-08	-4.32112123860406e-11
    -46.8274168191744	   -0.399826492689178	  0.00172951321750939	 4.92239691496366e-06	-1.06838777824692e-08	-7.34834415538899e-12
    -47.2255088869404	   -0.396352741835661	    0.001744216231505	 4.87958795503118e-06	-1.07206599153642e-08	-2.25748308935181e-11
    -47.6201125436999	   -0.392849713604305	  0.00175879044565874	 4.83647958349209e-06	-1.08334594628445e-08	-1.57927004806879e-11
    -48.0111986412282	   -0.389317666687016	  0.00177323472572252	 4.79298779465509e-06	-1.09125011249489e-08	-1.84541271153194e-11
    -48.3987382911326	   -0.385756862014484	  0.00178754802955772	 4.74915318804392e-06	 -1.1004857469743e-08	-1.70796710108334e-11
    -48.7827028669863	    -0.38216756260063	  0.00180172928918402	 4.70496289484146e-06	-1.10902504957267e-08	-1.74678049802424e-11
    -49.1630640064426	   -0.378550033581926	  0.00181577746168943	 4.66042727209626e-06	-1.11775859679142e-08	-1.70570224611311e-11
    -49.5397936133302	   -0.374904542172329	  0.00182969150741932	 4.61554634556549e-06	-1.12628262272096e-08	-1.70081726480475e-11
    -49.9128638597286	   -0.371231357654823	  0.00184347039941799	 4.57032496026244e-06	-1.13478302310455e-08	-1.67830194186536e-11
    -50.2822471880236	   -0.367530751356341	   0.0018571131194891	 4.52476580958816e-06	-1.14317444399603e-08	-1.66413549607114e-11
    -50.6479163129431	   -0.363802996630098	  0.00187061866003576	  4.4788725586109e-06	-1.15149534352099e-08	-1.64503966004759e-11
     -51.009844223572	   -0.360048368834437	  0.00188398602348862	 4.43264820537692e-06	-1.15971348080279e-08	-1.62962976446579e-11
    -51.3680041853481	   -0.356267145312861	  0.00189721422233581	 4.38609664987766e-06	-1.16786189607865e-08	-1.61120006225701e-11
    -51.7223697420368	   -0.352459605373276	  0.00191030227945347	 4.33922109177587e-06	-1.17592140469469e-08	-1.59330326710005e-11
    -52.0729147176846	   -0.348626030267596	  0.00192324922811034	 4.29202496254888e-06	-1.18389023029408e-08	 -1.5762946503628e-11
    -52.4196132185538	    -0.34476670317093	  0.00193605411195637	 4.24451175407015e-06	-1.19176926105524e-08	-1.55933044254652e-11
    -52.7624396350343	   -0.340881909160493	  0.00194871598513003	 4.19668500750703e-06	-1.19956045097069e-08	 -1.5422330079673e-11
    -53.1013686435357	   -0.336971935194719	  0.00196123391230926	 4.14854837504919e-06	-1.20727419172795e-08	-1.52184931323518e-11
    -53.4363752083577	   -0.333037070092052	  0.00197360696879606	 4.10010524998228e-06	-1.21488845650219e-08	-1.50539580801023e-11
    -53.7674345835396	   -0.329077604509518	  0.00198583424070086	 4.05135929559819e-06	-1.22241585742699e-08	-1.48792089760263e-11
    -54.0945223146882	   -0.325093830921257	  0.00199791482484751	 4.00231392339023e-06	 -1.2298486673501e-08	-1.46911371956548e-11
    -54.4176142407839	   -0.321086043597174	  0.00200984782878953	 3.95297313549037e-06	-1.23720198530464e-08	-1.44899647835928e-11
    -54.7366864959656	   -0.317054538580737	   0.0020216323711773	 3.90334009692239e-06	-1.24444818894176e-08	-1.43194345270103e-11
    -55.0517155112939	   -0.312999613667612	  0.00203326758138298	 3.85341898212488e-06	-1.25161392361406e-08	-1.41440192891196e-11
    -55.3626780164914	   -0.308921568383169	  0.00204475260005277	 3.80321308179887e-06	-1.25868426792408e-08	-1.39399602971935e-11
    -55.6695510416622	   -0.304820703960894	  0.00205608657884649	 3.75272621466749e-06	 -1.2656562020652e-08	 -1.3769652085216e-11
    -55.9723119189884	    -0.30069732331966	  0.00206726868042105	  3.7019623122525e-06	-1.27254651260955e-08	-1.35635946918455e-11
    -56.2709382844044	   -0.296551731041558	  0.00207829807892834	 3.65092473142425e-06	-1.27932340276971e-08	-1.34128264051014e-11
    -56.5654080792489	   -0.292384233349489	  0.00208917395959288	 3.59961765150629e-06	-1.28602595239613e-08	-1.32003297181882e-11
    -56.8556995518946	   -0.288195138084412	   0.0020998955189792	 3.54804473268189e-06	-1.29263257875323e-08	 -1.2990719611139e-11
    -57.1417912593546	   -0.283984754682512	  0.00211046196531319	 3.49620941664242e-06	-1.29912391955145e-08	-1.28221877560009e-11
    -57.4236620688665	   -0.279753394152687	   0.0021208725179076	 3.44411611541418e-06	-1.30553505783837e-08	-1.26427757152214e-11
    -57.7012911594531	   -0.275501369053159	   0.0021311264077245	 3.39176846297917e-06	-1.31185684537627e-08	-1.24149579505684e-11
    -57.9746580234611	   -0.271228993468665	  0.00214122287755756	 3.33917004802231e-06	-1.31806663361544e-08	-1.22268861701968e-11
     -58.243742468075	   -0.266936582987203	  0.00215116118143587	 3.28632514445815e-06	-1.32418822573754e-08	-1.20268239811594e-11
    -58.5085246168096	   -0.262624454676552	  0.00216094058530443	 3.23323727524638e-06	-1.33019795178768e-08	-1.18485221634046e-11
    -58.7689849109774	   -0.258292927061289	  0.00217056036677117	 3.17991084708424e-06	-1.33612760855328e-08	-1.16431309038489e-11
     -59.025104111134	   -0.253942320098523	  0.00218001981522459	 3.12634936516787e-06	-1.34194557688261e-08	-1.14581677479464e-11
    -59.2768632984988	   -0.249572955155083	  0.00218931823200189	 3.07255695286557e-06	-1.34766877657455e-08	-1.12565512466745e-11
    -59.5242438763529	   -0.245185154983271	  0.00219845493016463	 3.01853769979488e-06	-1.35329796258077e-08	-1.10500497640942e-11
    -59.7672275714123	   -0.240779243697007	  0.00220742923488583	 2.96429537494092e-06	-1.35882531893117e-08	-1.08280051591692e-11
    -60.0057964351781	   -0.236355546748267	  0.00221624048320909	 2.90983409412249e-06	-1.36424360697163e-08	-1.06543662781178e-11
    -60.2399328452622	   -0.231914390902584	  0.00222488802432853	 2.85515783815526e-06	-1.36956765928176e-08	-1.04334318962174e-11
    -60.4696195066887	   -0.227456104215273	  0.00223337121944878	 2.80027064381017e-06	-1.37478295414439e-08	-1.02540198554379e-11
     -60.694839453172	   -0.222981016007044	  0.00224168944186409	 2.74517679077491e-06	-1.37991249538061e-08	-1.00226493771061e-11
    -60.9155760483695	   -0.218489456839555	  0.00224984207726229	 2.68987993079506e-06	-1.38492217693909e-08	-9.84035075646261e-12
    -61.1318129871109	   -0.213981758491317	  0.00225782852331774	 2.63438463798948e-06	 -1.3898496131759e-08	-9.60942436734058e-12
    -61.3435342966024	   -0.209458253932808	   0.0022656481901641	 2.57869455877469e-06	-1.39465834436692e-08	-9.42046440854938e-12
    -61.5507243376065	   -0.204919277302241	  0.00227330050013386	 2.52281409451882e-06	-1.39936782161953e-08	-9.22595333463505e-12
    -61.7533678055974	   -0.200365163880534	  0.00228078488808493	 2.46674716519735e-06	-1.40397533598957e-08	-9.00057806063614e-12
    -61.9514497318915	   -0.195796250066875	  0.00228810080105577	 2.41049808802352e-06	-1.40847671303845e-08	-8.80784334356122e-12
    -62.1449554847528	   -0.191212873353616	   0.0022952476986384	 2.35407100346308e-06	-1.41287870292217e-08	-8.59623483506766e-12
    -62.3338707704741	   -0.186615372301458	  0.00230222505296369	 2.29747002911118e-06	-1.41717797497165e-08	-8.36952729343921e-12
    -62.5181816344327	   -0.182004086514402	  0.00230903234867652	 2.24069917020842e-06	-1.42136098446599e-08	-8.16946510440175e-12
    -62.6978744621211	   -0.177379356614834	  0.00231566908283235	 2.18376300931133e-06	-1.42544740455719e-08	-7.98161536863518e-12
    -62.8729359801525	   -0.172741524217946	  0.00232213476520087	 2.12666552412699e-06	-1.42943563652409e-08	-7.72915065283541e-12
    -63.0433532572418	   -0.168090931907044	  0.00232842891834281	 2.06941074498701e-06	-1.43329836888029e-08	-7.55451257106188e-12
    -63.2091137051603	   -0.163427923207819	  0.00233455107713286	 2.01200331773066e-06	-1.43707254984804e-08	-7.33080263159991e-12
    -63.3702050796657	   -0.158752842563165	  0.00234050078942511	 1.95444723050109e-06	-1.44073823982183e-08	-7.10675962523055e-12
    -63.5266154814067	   -0.154066035307681	  0.00234627761575278	 1.89674670636464e-06	-1.44429108672739e-08	-6.90347778942169e-12
    -63.6783333568018	   -0.149367847642224	  0.00235188112937251	 1.83890610383486e-06	-1.44774201515929e-08	-6.67821353772524e-12
    -63.8253474988926	   -0.144658626608239	  0.00235731091638051	 1.78092968927679e-06	 -1.4510856516381e-08	  -6.467160140744e-12
    -63.9676470481721	   -0.139938720062172	  0.00236256657563859	 1.72282176746918e-06	-1.45432328402251e-08	-6.24966745021993e-12
    -64.1052214933864	   -0.135208476649771	  0.00236764771904927	 1.66458640982192e-06	-1.45744853963237e-08	-6.01396710209201e-12
    -64.2380606723112	   -0.130468245780448	  0.00237255397122591	 1.60622810785327e-06	-1.46045695537111e-08	-5.84865489372532e-12
    -64.3661547725027	     -0.1257183776012	  0.00237728496964596	 1.54775140082108e-06	-1.46338394735324e-08	-5.58553203688916e-12
    -64.4894943320223	   -0.120959222970992	  0.00238184036495554	 1.48916018294365e-06	-1.46617746832334e-08	-5.41622302563383e-12
    -64.6080702401353	   -0.116191133434706	  0.00238621982069354	 1.43045890288462e-06	-1.46887511043303e-08	-5.15842923931586e-12
    -64.7218737379844	   -0.111414461197413	  0.00239042301331115	 1.37165219338264e-06	-1.47146419493538e-08	-4.98068253307338e-12
    -64.8308964192359	   -0.106629559097681	  0.00239444963223236	 1.31274393910807e-06	-1.47393754978964e-08	-4.74764672020456e-12
    -64.9351302307015	   -0.101836780582641	  0.00239829938031983	 1.25373870196732e-06	-1.47630618840822e-08	-4.52304860232289e-12
    -65.0345674729327	  -0.0970364796807582	  0.00240197197282324	   1.194641074731e-06	-1.47856897836363e-08	-4.31876756579186e-12
    -65.1292008007896	  -0.0922290109762355	   0.0024054671387209	 1.13545497704148e-06	-1.48071588323972e-08	-4.09816625079884e-12
    -65.2190232239834	  -0.0874147295829935	  0.00240878461971732	 1.07618536371312e-06	-1.48277843337041e-08	-3.83149068028388e-12
    -65.3040281075929	  -0.0825939911177579	  0.00241192417078758	 1.01683591413604e-06	-1.48470082894647e-08	-3.64225316573652e-12
    -65.3842091725546	  -0.0777671516746891	  0.00241488556005799	 9.57411592672486e-07	-1.48653778175856e-08	-3.37835315278312e-12
    -65.4595604961264	   -0.072934567798198	  0.00241766856878596	 8.97916154429801e-07	-1.48822729695297e-08	-3.22170068400851e-12
    -65.5300765123252	  -0.0680965964573626	  0.00242027299139519	 8.38354701326871e-07	-1.48983860803753e-08	-2.97883939737176e-12
    -65.5957520123378	  -0.0632535950189035	  0.00242269863539352	 7.78731260475674e-07	-1.49132827198528e-08	-2.78088663208109e-12
    -65.6565821449061	  -0.0584059212213728	  0.00242494532167108	 7.19050419650813e-07	-1.49272038063586e-08	-2.53463916521923e-12
    -65.7125624166851	  -0.0535539331482603	  0.00242701288436062	 6.59316259365994e-07	-1.49398738935602e-08	-2.32830421609265e-12
     -65.763688692575	  -0.0486979892018957	  0.00242890117061195	 5.99533686695963e-07	-1.49516716785314e-08	 -2.0611290452166e-12
    -65.8099571960263	  -0.0438384480766065	  0.00243061004103067	 5.39706458635436e-07	-1.49620505984771e-08	-1.86778370547813e-12
    -65.8513645093193	  -0.0389756687327101	  0.00243213936942604	 4.79839437239615e-07	-1.49713885733149e-08	-1.67552083318867e-12
    -65.8879075738162	  -0.0341100103694783	  0.00243348904265079	 4.19937126960868e-07	-1.49797672044372e-08	-1.42116873824705e-12
    -65.9195836901871	  -0.0292418323989691	  0.00243465896121639	 3.60003654997776e-07	-1.49869714971551e-08	-1.18297038831372e-12
    -65.9463905186094	  -0.0243714944193737	  0.00243564903852252	 3.00043697137875e-07	-1.49930148296562e-08	-1.00369712541237e-12
    -65.9683260789406	  -0.0194993561883151	  0.00243645920148805	 2.40061600598196e-07	-1.49980339814171e-08	-7.76989583783916e-13
    -65.9853887508646	  -0.0146257775965574	   0.0024370893903156	  1.8006181039254e-07	-1.50019716926852e-08	-5.43148859222242e-13
    -65.9975772740115	 -0.00975111864109812	  0.00243753955848532	 1.20048510895976e-07	-1.50046498004208e-08	-3.42406658582206e-13
    -66.0048907480506	 -0.00487573939890608	  0.00243780967269522	 6.00264907432702e-08	 -1.5006355602587e-08	 -1.0682947582108e-13
    -66.0073286327568	 4.72601759746853e-19	  0.00757496308645561	                    0	                    0	                    0
0.567306366912561
0.567306366912523
0.567306366912552
0.567306366912552
0.567306366912556
0.567306366912523
0.567306366912554
0.567306366912551
0.567306366912524
0.567306366912559
0.567306366912551
0.567306366912555
0.567306366912519
0.567306366912551
0.567306366912551
0.567306366912565
0.567306366912518
0.567306366912554
0.567306366912554
0.567306366912521
0.567306366912556
0.567306366912553
0.567306366912555
 0.56730636691252
0.567306366912552
0.567306366912554
0.567306366912526
0.567306366912552
0.567306366912555
0.567306366912554
 0.56730636691252
0.567306366912555
0.567306366912547
0.567306366912531
0.567306366912547
0.567306366912558
0.567306366912553
 0.56730636691252
0.567306366912556
0.567306366912554
0.567306366912522
0.567306366912558
0.567306366912553
 0.56730636691255
0.567306366912525
0.567306366912554
0.567306366912548
0.567306366912526
0.567306366912558
0.567306366912549
0.567306366912556
0.567306366912553
0.567306366912522
0.567306366912553
0.567306366912553
0.567306366912522
0.567306366912554
0.567306366912554
0.567306366912552
0.567306366912526
0.567306366912553
0.567306366912552
0.567306366912526
0.567306366912553
0.567306366912554
0.567306366912555
0.567306366912521
0.567306366912552
0.567306366912526
0.567306366912553
 0.56730636691255
0.567306366912555
0.567306366912555
0.567306366912523
0.567306366912553
0.567306366912552
0.567306366912526
0.567306366912554
 0.56730636691255
0.567306366912555
0.567306366912553
0.567306366912523
0.567306366912554
0.567306366912523
0.567306366912554
0.567306366912554
0.567306366912553
0.567306366912522
0.567306366912553
0.567306366912553
0.567306366912524
0.567306366912553
0.567306366912553
0.567306366912553
0.567306366912524
0.567306366912553
0.567306366912553
0.567306366912524
0.567306366912553
0.567306366912561
