                   50	    0.429444685208814	 -0.00248307499757621	-7.00371621142892e-06	 3.09414591725954e-08	-1.13589404548975e-08
     50.4269546260775	    0.424457591036192	 -0.00250401408685642	-6.99353978017569e-06	-2.58532519836763e-08	 1.37240401265615e-08
     50.8489011973579	    0.419428547450315	  -0.0025250125853022	-6.95971238506843e-06	 4.27670130420665e-08	-6.23857943082839e-09
      51.265797809039	    0.414357783017701	 -0.00254569750617694	-6.85103006858867e-06	 1.15740936834641e-08	 2.75110911829302e-09
     51.6776030578456	    0.409245894967069	 -0.00256615364072984	-6.77722279185389e-06	 2.53296521535162e-08	-1.13725517891794e-09
     52.0842760461416	    0.404093351649578	 -0.00258634470374539	-6.68727692776372e-06	 1.96433491694847e-08	 5.37095257158171e-10
     52.4857763859909	    0.398900681670164	 -0.00260628330348229	-6.60333264157487e-06	  2.2328807247618e-08	-1.84478210485395e-10
     52.8820642031693	    0.393668393458107	 -0.00262596117334714	-6.51586219468925e-06	 2.14063806680542e-08	   1.256110770953e-10
     53.2731001411238	    0.388397009778427	 -0.00264537906554305	-6.42898067448883e-06	  2.2034430280371e-08	 -8.5398355054167e-12
     53.6588453648819	    0.383087052800316	 -0.00266453388638092	-6.34092833218247e-06	 2.19916955757071e-08	 4.85997908583613e-11
     54.0392615649078	     0.37773905045234	 -0.00268342423520769	-6.25247558971864e-06	 2.22347287248681e-08	 2.33679742223103e-11
     54.4143109609075	    0.372353533610928	 -0.00270204801992467	-6.16330316738356e-06	 2.23515801422991e-08	 3.35873551193799e-11
     54.7839563055805	    0.366931037235814	 -0.00272040348407326	-6.07356103010659e-06	 2.25195107006471e-08	 2.85504953012605e-11
     55.1481608883192	    0.361472099805378	 -0.00273848876459327	  -5.983197432613e-06	 2.26622534071907e-08	 3.00777180939349e-11
     55.5068885388549	    0.355977263483291	 -0.00275630208259215	-5.89224760005891e-06	 2.28126904033843e-08	 2.87663226572477e-11
     55.8601036308495	    0.350447073969923	 -0.00277384166158268	-5.80070907574282e-06	 2.29564669496085e-08	 2.87139201304853e-11
     56.2077710854339	    0.344882080488953	 -0.00279110576286705	-5.70859605231178e-06	 2.30999974704105e-08	 2.80553358322777e-11
      56.549856374692	    0.339282835715332	 -0.00280809267048191	-5.61591540293449e-06	 2.32403039035489e-08	 2.76827449852135e-11
     56.8863255250894	    0.333649895727802	 -0.00282480069803805	-5.52267727726985e-06	 2.33786652259482e-08	 2.71980216126622e-11
     57.2171451208478	    0.327983819950534	 -0.00284122818589919	-5.42889067967067e-06	 2.35146400129338e-08	 2.67312838531097e-11
     57.5422823072631	    0.322285171098906	 -0.00285737350278802	-5.33456480811267e-06	 2.36482620152856e-08	 2.62461163913486e-11
     57.8617047939689	    0.316554515123187	 -0.00287323504517953	-5.23970923627104e-06	 2.37795463320367e-08	 2.57782684087715e-11
      58.175380858143	    0.310792421152213	 -0.00288881123782449	-5.14433320786267e-06	 2.39084139153078e-08	 2.53181919873668e-11
     58.4832793476579	    0.304999461437171	 -0.00290410053378493	-5.04844637561064e-06	 2.40349962155051e-08	 2.48268072766678e-11
     58.7853696841748	    0.299176211294593	  -0.0029191014146645	-4.95205817241384e-06	 2.41591697758281e-08	 2.43485231976592e-11
     59.0816218661801	    0.293323249049186	 -0.00293381239067326	-4.85517808179736e-06	 2.42809008454969e-08	 2.38660202711571e-11
     59.3720064719653	    0.287441155976519	 -0.00294823200084775	 -4.7578157715833e-06	 2.44001761018353e-08	  2.3398394333185e-11
     59.6564946625487	    0.281530516245205	 -0.00296235881312066	  -4.659980985533e-06	 2.45171127843946e-08	 2.28983498828939e-11
     59.9350581845398	    0.275591916858958	 -0.00297619142441392	-4.56168353224484e-06	 2.46316389507228e-08	 2.24076313060095e-11
     60.2076693729449	    0.269625947598125	  -0.0029897284611045	-4.46293287703625e-06	 2.47436235945031e-08	 2.19289031377912e-11
     60.4743011539146	    0.263633200961422	 -0.00300296857870223	-4.36373918422106e-06	 2.48532989743921e-08	 2.14102069406863e-11
     60.7349270474328	    0.257614272106719	 -0.00301591046235433	-4.26411187604003e-06	 2.49602933877213e-08	 2.09474659840225e-11
     60.9895211699466	    0.251569758792287	 -0.00302855282674526	-4.16406123582291e-06	 2.50650136202069e-08	 2.04061212372153e-11
     61.2380582369363	    0.245500261317183	 -0.00304089441630981	-4.06359699134384e-06	 2.51671221640493e-08	 1.99231742215034e-11
     61.4805135654272	    0.239406382461688	  -0.0030529340053205	-3.96272926783681e-06	 2.52668179712146e-08	 1.94055882474231e-11
     61.7168630764405	    0.233288727427548	 -0.00306467039815834	 -3.8614679183091e-06	 2.53639225178404e-08	 1.89175342057979e-11
     61.9470832973849	    0.227147903777755	  -0.0030761024292043	-3.75982310041323e-06	 2.54585241776795e-08	 1.84179338447166e-11
     62.1711513643872	    0.220984521376224	 -0.00308722896318018	-3.65780487499023e-06	 2.55506544810657e-08	 1.78903558634147e-11
      62.389045024564	    0.214799192327316	 -0.00309804889497415	-3.55542336594183e-06	 2.56401877507528e-08	 1.73807634951118e-11
     62.6007426382305	    0.208592530914918	 -0.00310856115013782	-3.45268867008031e-06	 2.57270813541766e-08	 1.69138036909544e-11
     62.8062231810506	    0.202365153541532	 -0.00311876468452062	-3.34961129522249e-06	 2.58116474860515e-08	 1.63600244462714e-11
     63.0054662461243	    0.196117678666994	 -0.00312865848492391	-3.24620104463769e-06	 2.58934296226698e-08	 1.58824065010776e-11
     63.1984520460147	    0.189850726747138	  -0.0031382415686563	-3.14246858335032e-06	 2.59727852558456e-08	 1.53632662147629e-11
     63.3851614147127	    0.183564920172037	 -0.00314751298406248	-3.03842393756248e-06	  2.6049558510266e-08	 1.48159262636227e-11
     63.5655758095411	    0.177260883204407	 -0.00315647181036659	-2.93407755913577e-06	 2.61236818843713e-08	 1.43165479471463e-11
     63.7396773129956	    0.170939241917311	 -0.00316511715778634	-2.82943976670502e-06	 2.61952757263373e-08	 1.37627687024633e-11
     63.9074486345244	    0.164600624132357	 -0.00317344816780349	-2.72452093041942e-06	 2.62641224324511e-08	 1.32893696047631e-11
     64.0688731122454	    0.158245659356891	 -0.00318146401296625	 -2.6193316298162e-06	 2.63306167980204e-08	 1.26902932606754e-11
      64.223934714601	    0.151874978721991	 -0.00318916389725176	-2.51388209093761e-06	 2.63942632194869e-08	 1.22063470442413e-11
     64.3726180419502	    0.145489214919297	 -0.00319654705587889	-2.40818297592149e-06	 2.64553596807104e-08	 1.16974208097531e-11
     64.5149083280977	    0.139089002138544	 -0.00320361275567168	-2.30224456654327e-06	 2.65137654054115e-08	 1.11840536831664e-11
     64.6507914417609	    0.132674976004478	 -0.00321036029494045	-2.19607770546304e-06	 2.65696775691993e-08	 1.06492592522045e-11
     64.7802538879731	     0.12624777351344	 -0.00321678900349691	-2.08969255810487e-06	 2.66228106227118e-08	 1.01312291889144e-11
     64.9032828094234	    0.119808032970672	 -0.00322289824299406	-1.98309988008738e-06	 2.66734279108505e-08	 9.55036050243052e-12
     65.0198659877342	    0.113356393926504	 -0.00322868740656374	-1.87631044568093e-06	 2.67213342564077e-08	  9.0587537471265e-12
     65.1299918446741	    0.106893497112671	 -0.00323415591930753	-1.76933451512262e-06	  2.6766640015552e-08	 8.48443537648791e-12
      65.233649443308	    0.100419984379499	 -0.00323930323816688	 -1.6621829750374e-06	 2.68091895350153e-08	 8.00115529386858e-12
     65.3308284890836	   0.0939364986309997	 -0.00324412885194219	-1.55486620900813e-06	 2.68490452093317e-08	 7.49311723780011e-12
      65.421519330853	   0.0874436837621353	 -0.00324863228136602	-1.44739524032822e-06	 2.68865072428071e-08	 6.87983003899717e-12
     65.5057129618319	   0.0809421845941129	 -0.00325281307924433	-1.33978032834658e-06	 2.69210032044498e-08	 6.39077679664979e-12
     65.5834010204938	   0.0744326468106057	 -0.00325667083030244	-1.23203240465219e-06	 2.69529634167043e-08	 5.83211257065841e-12
     65.6545757914005	   0.0679157168937995	 -0.00326020515141519	-1.12416218811529e-06	 2.69822083565074e-08	 5.30780974727918e-12
     65.7192302059682	   0.0613920420597781	  -0.0032634156916496	-1.01618026904227e-06	 2.70087611164982e-08	 4.78816986060338e-12
     65.7773578431696	   0.0548622701946597	 -0.00326630213200853	-9.08097563478982e-07	  2.7032758032064e-08	 4.21046530973967e-12
     65.8289529301717	   0.0483270497900342	 -0.00326886418604651	-7.99924362027138e-07	 2.70537272584193e-08	 3.75549591424829e-12
     65.8740103429088	   0.0417870298785415	 -0.00327110159921389	-6.91671893982004e-07	 2.70722994022421e-08	 3.19158588446555e-12
     65.9125256065917	   0.0352428599695891	  -0.0032730141491838	-5.83350834415519e-07	 2.70881496122755e-08	  2.6589008772504e-12
     65.9444948961521	   0.0286951899846099	 -0.00327460164620011	-4.74971745823005e-07	  2.7101317412459e-08	 2.09382511329181e-12
     65.9699150366222	   0.0221446701927108	 -0.00327586393259499	-3.66545395591444e-07	 2.71117870376258e-08	 1.51731405217959e-12
     65.9887835034502	   0.0155919511460691	  -0.0032768008828865	-2.58082802712112e-07	 2.71195613743558e-08	 9.92678161892968e-13
     66.0010984227511	  0.00903768361509698	 -0.00327741240399942	-1.49594488248195e-07	 2.71245246541429e-08	 4.95270491285282e-13
     66.0068585714928	  0.00248251852420827	 -0.00327769843536343	-4.10914330738893e-08	 2.71270087365272e-08	-8.10202599454968e-14
     66.0060633776171	 -0.00407289311318805	 -0.00327765894842056	 6.74157922264662e-08	 2.71266046708574e-08	-5.79876424655623e-13
     65.9987129200973	  -0.0106279002591329	  -0.0032772939472144	 1.75916265388043e-07	 2.71236958171439e-08	-1.17804377364195e-12
     65.9848079289298	  -0.0171818519158729	 -0.00327660346802398	 2.84399561345516e-07	 2.71178235422553e-08	-1.68504099562483e-12
     65.9643497850616	  -0.0237340971903672	 -0.00327558757924876	 3.92854134612097e-07	 2.71095860204795e-08	-2.24770202450486e-12
     65.9373405202534	  -0.0302839853593559	 -0.00327424638180587	 5.01270017827515e-07	 2.70983799843805e-08	-2.75748868183712e-12
     65.9037828168779	  -0.0368308659331818	 -0.00327258000904752	 6.09635963211286e-07	 2.70845935679276e-08	-3.27510241149298e-12
     65.8636800076529	  -0.0433740887213874	 -0.00327058862634734	 7.17941418981738e-07	  2.7068167374189e-08	-3.84486886773061e-12
      65.817036075311	  -0.0499130038963803	 -0.00326827243153527	 8.26175639567772e-07	 2.70489429743392e-08	-4.37155867061279e-12
     65.7638556522032	  -0.0564469620586206	 -0.00326563165467467	 9.34327906487731e-07	 2.70270090751978e-08	-4.89502882672355e-12
       65.70414401984	  -0.0629753143006864	 -0.00326266655785043	 1.04238705622706e-06	  2.7002590385905e-08	-5.45818945596466e-12
     65.6379071083656	   -0.069497412272148	 -0.00325937743572128	 1.15034298031613e-06	 2.69753039905396e-08	 -5.9830473908562e-12
     65.5651514959701	  -0.0760126082433515	  -0.0032557646147861	 1.25818431673252e-06	 2.69455733281632e-08	-6.55830945106572e-12
     65.4858844082353	   -0.082520255170468	 -0.00325182845397838	 1.36590106813994e-06	 2.69127926610935e-08	-7.01172453432264e-12
     65.4001137174177	  -0.0890197067591073	 -0.00324756934413332	 1.47348184487139e-06	 2.68777466949643e-08	 -7.6234574208911e-12
     65.3078479416664	  -0.0955103175289711	 -0.00324298770835228	 1.58091679458572e-06	 2.68395257130294e-08	-8.07509614730861e-12
     65.2090962441773	   -0.101991442877564	 -0.00323808400156447	 1.68819428170153e-06	 2.67991353553043e-08	-8.66873239857568e-12
     65.1038684322829	   -0.108462439144649	 -0.00323285871059606	 1.79530407118378e-06	 2.67558772915066e-08	 -9.1612273322994e-12
     64.9921749564785	   -0.114922663675925	  -0.0032273123547313	 1.90223597384964e-06	 2.67098700934554e-08	-9.69546665174903e-12
      64.874026909384	   -0.121371474886464	 -0.00322144548454256	 2.00897842361769e-06	 2.66615234334466e-08	-1.02636787957522e-11
     64.7494360246426	   -0.127808232325503	 -0.00321525868276687	 2.11552175577445e-06	 2.66102382351363e-08	-1.07843733943014e-11
     64.6184146757556	   -0.134232296738734	 -0.00320875256391297	 2.22185490672544e-06	  2.6556327803462e-08	-1.12732045920438e-11
     64.4809758748529	   -0.140643030132898	  -0.0032019277739572	 2.32796730781359e-06	 2.64999586718773e-08	-1.18578480368114e-11
     64.3371332714014	   -0.147039795838343	 -0.00319478499085957	  2.4338486932507e-06	 2.64406443406529e-08	-1.22964971538408e-11
     64.1869011508493	   -0.153421958572885	 -0.00318732492387878	  2.5394882385843e-06	 2.63790282950538e-08	-1.28933530518793e-11
     64.0302944332069	   -0.159788884504278	 -0.00317954831392603	 2.64487551326908e-06	 2.63146802126357e-08	-1.33986155503862e-11
     63.8673286715655	    -0.16613994131387	 -0.00317145593329077	 2.75000017557758e-06	 2.62476840262593e-08	-1.39073197402695e-11
     63.6980200505523	   -0.172474498258718	 -0.00316304858573283	 2.85485179785105e-06	  2.6178101908414e-08	-1.44428913273487e-11
     63.5223853847233	   -0.178791926234596	 -0.00315432710615567	 2.95941976302672e-06	 2.61059658335228e-08	 -1.4963141836688e-11
     63.3404421168933	   -0.185091597838576	 -0.00314529236070349	 3.06369391567252e-06	 2.60312056354906e-08	-1.54976032007426e-11
     63.1522083164036	   -0.191372887430901	 -0.00313594524669967	 3.16766381347477e-06	 2.59537857871805e-08	-1.59832147517136e-11
     62.9577026773277	   -0.197635171197629	 -0.00312628669237805	 3.27131913380185e-06	 2.58738190872521e-08	-1.64928071200166e-11
     62.7569445166141	   -0.203877827212178	 -0.00311631765699376	 3.37464952737676e-06	 2.57912717849251e-08	-1.69764202695433e-11
     62.5499537721688	   -0.210100235497379	 -0.00310603913054428	 3.47764467534262e-06	 2.57063579311989e-08	-1.75570669114222e-11
     62.3367510008743	    -0.21630177808679	 -0.00309545213394261	 3.58029462432796e-06	 2.56186085678678e-08	-1.80055970133708e-11
     62.1173573765488	   -0.222481839086398	  -0.0030845577184735	  3.6825888707348e-06	 2.55285281802742e-08	-1.85540471875356e-11
     61.8917946878428	   -0.228639804735395	 -0.00307335696623429	 3.78451759264209e-06	 2.54357050977205e-08	-1.90261140176062e-11
     61.6600853360754	   -0.234775063467395	 -0.00306185098948481	 3.88607016610365e-06	 2.53406007288959e-08	-1.95543581327229e-11
     61.4222523330098	   -0.240887005971231	 -0.00305004093092578	 3.98723697481174e-06	  2.5242799850389e-08	-2.00384153714595e-11
     61.1783192985673	   -0.246975025251155	 -0.00303792796358686	 4.08800784601482e-06	 2.51425413821948e-08	-2.05480077397624e-11
     60.9283104584824	   -0.253038516687359	   -0.003025513290277	 4.18837254745341e-06	 2.50398630718962e-08	-2.10609307771392e-11
     60.6722506418961	   -0.259076878096131	 -0.00301279814406929	  4.2883215396472e-06	  2.4934542430799e-08	-2.15423234806167e-11
     60.4101652788905	   -0.265089509789191	 -0.00299978378761898	 4.38784439760198e-06	 2.48268765545845e-08	-2.20317097898715e-11
     60.1420803979629	   -0.271075814633882	 -0.00298647151348231	 4.48693157251157e-06	 2.47167237787949e-08	-2.25324203739774e-11
     59.8680226234413	     -0.2770351981119	 -0.00297286264375067	 4.58557309501728e-06	 2.46041125251395e-08	 -2.3019364192578e-11
     59.5880191728399	    -0.28296706837877	  -0.0029589585299847	 4.68375934614684e-06	 2.44890072664816e-08	-2.35100827694623e-11
     59.3020978541559	   -0.288870836322218	 -0.00294476055300257	 4.78148029570136e-06	 2.43715341241568e-08	-2.39912534283349e-11
     59.0102870631086	    -0.29474591562116	 -0.00293027012282593	 4.87872646504073e-06	 2.42515429960122e-08	-2.44471110022459e-11
     58.7126157803181	   -0.300591722803474	 -0.00291548867864353	 4.97548812417037e-06	 2.41292594793663e-08	-2.49662512885607e-11
     58.4091135684284	   -0.306407677304189	 -0.00290041768837807	 5.07175567143747e-06	 2.40044535360084e-08	-2.54034571156581e-11
     58.0998105691706	   -0.312193201523133	 -0.00288505864867516	 5.16751931645132e-06	 2.38774493510618e-08	-2.59057220119985e-11
     57.7847375003696	   -0.317947720882262	 -0.00286941308509337	 5.26277004020415e-06	 2.37478969822291e-08	-2.63771227082543e-11
     57.4639256528938	   -0.323670663882636	 -0.00285348255136384	 5.35749805319341e-06	 2.36160140332231e-08	-2.68365329958442e-11
     57.1374068875471	   -0.329361462161329	 -0.00283726862948606	 5.45169381327426e-06	 2.34818999800268e-08	 -2.7313928896433e-11
     56.8052136319047	   -0.335019550547821	 -0.00282077292978783	 5.54534821040065e-06	 2.33453816278484e-08	-2.77706746487638e-11
     56.4673788770929	   -0.340644367120102	 -0.00280399709057454	 5.63845203283009e-06	 2.32064651939368e-08	-2.82178724830828e-11
     56.1239361745125	   -0.346235353260389	 -0.00278694277786628	 5.73099574152636e-06	 2.30653958155358e-08	-2.87028179002391e-11
     55.7749196325067	   -0.351791953710816	 -0.00276961168529338	 5.82297024642742e-06	 2.29219567771111e-08	-2.91340285230035e-11
     55.4203639129736	   -0.357313616628512	 -0.00275200553414951	 5.91436659158617e-06	  2.2776210251152e-08	-2.95892199630998e-11
     55.0603042279242	   -0.362799793640141	 -0.00273412607300584	 6.00517555104929e-06	 2.26282468318573e-08	-3.00519609197636e-11
     54.6947763359848	   -0.368249939896764	 -0.00271597507739014	 6.09538802587295e-06	 2.24779990176671e-08	-3.04667402417635e-11
     54.3238165388462	   -0.373663514127811	 -0.00269755434998285	 6.18499517557325e-06	 2.23256222398049e-08	-3.09596792646971e-11
     53.9474616776582	   -0.379039978694558	 -0.00267886572031628	 6.27398820940428e-06	 2.21708180703217e-08	-3.13429282527977e-11
      53.565749129371	   -0.384378799643998	 -0.00265991104421073	 6.36235795292706e-06	 2.20140483619957e-08	-3.18203241533865e-11
      53.178716803023	   -0.389679446761477	 -0.00264069220426396	 6.45009593203127e-06	 2.18549596198159e-08	-3.22413207243244e-11
     52.7864031359759	    -0.39494139362357	 -0.00262121110912831	  6.5371933613001e-06	 2.16937330321798e-08	-3.26845217557548e-11
     52.3888470900976	   -0.400164117650234	  -0.0026014696934958	 6.62364144687899e-06	 2.15303836981207e-08	-3.31046301482729e-11
     51.9860881478926	   -0.405347100156889	     -0.0025814699179	 6.70943173464167e-06	 2.13648823077506e-08	-3.35385053062964e-11
     51.5781663085809	    -0.41048982640565	  -0.0025612137687919	 6.79455588858957e-06	 2.11971782348996e-08	-3.39590577880244e-11
     51.1651220841256	   -0.415591785656636	  -0.0025407032576424	 6.87900507934103e-06	 2.10274073708661e-08	-3.43489681142728e-11
     50.7469964952094	   -0.420652471218811	  -0.0025199404214504	 6.96277102818499e-06	 2.08556683034544e-08	-3.48054918219987e-11
     50.3238310671611	   -0.425671380499981	 -0.00249892732241051	 7.04584573885114e-06	 2.06816457293257e-08	-3.51838558287909e-11
     49.8956678258309	   -0.430648015056906	   -0.002477666047151	  7.1282204565648e-06	 2.05057339996984e-08	-3.56004115076303e-11
     49.4625492934174	   -0.435581880644912	 -0.00245615870737761	 7.20988740798845e-06	 2.03276941945774e-08	-3.59965390828165e-11
     49.0245184842442	   -0.440472487266651	 -0.00243440743895877	 7.29083818651333e-06	 2.01477563521735e-08	-3.64259733487415e-11
     48.5816189004881	   -0.445319349221122	 -0.00241241440212944	 7.37106501702556e-06	  1.9965656683496e-08	-3.67883501439792e-11
     48.1338945278588	   -0.450121985151623	 -0.00239018178101977	 7.45055973805364e-06	 1.97816687474983e-08	-3.71880304328442e-11
     47.6813898312303	   -0.454879918093739	 -0.00236771178367251	 7.52931440395344e-06	 1.95958227422466e-08	-3.76125797174609e-11
     47.2241497502255	   -0.459592675522629	 -0.00234500664165147	 7.60732149807097e-06	 1.94078335624681e-08	-3.79705156206001e-11
     46.7622196947526	   -0.464259789399967	 -0.00232206860986395	 7.68457306143944e-06	 1.92179250291247e-08	-3.83217901855915e-11
     46.2956455404954	   -0.468880796220428	  -0.0022988999663504	 7.76106137045929e-06	  1.9026255237975e-08	-3.87383458644308e-11
     45.8244736243576	   -0.473455237057684	 -0.00227550301209386	 7.83677900084712e-06	 1.88325870453809e-08	-3.91100485330753e-11
     45.3487507398603	   -0.477982657610062	 -0.00225188007067685	 7.91171830627491e-06	 1.86370217036824e-08	  -3.945155313545e-11
     44.8685241324954	   -0.482462608245685	 -0.00222803348814494	 7.98587179140497e-06	 1.84397697111649e-08	-3.98672206358697e-11
     44.3838414950333	   -0.486894644046859	 -0.00220396563282177	 8.05923226732119e-06	 1.82404651383195e-08	-4.01705335661973e-11
     43.8947509627861	    -0.49127832485468	 -0.00217967889493582	 8.13179233194461e-06	 1.80395076654349e-08	-4.05631084277047e-11
     43.4013011088278	   -0.495613215312345	 -0.00215517568652413	 8.20354477415464e-06	 1.78367418612879e-08	-4.09232647768931e-11
     42.9035409391695	   -0.499898884908714	 -0.00213045844098958	 8.27448254625551e-06	 1.76321384159905e-08	-4.12607725763792e-11
     42.4015198878932	   -0.504134908020814	 -0.00210552961312912	 8.34459844867297e-06	 1.74258909524383e-08	-4.16293666205547e-11
      41.895287812242	   -0.508320863956318	 -0.00208039167873554	 8.41388580941071e-06	 1.72177543333873e-08	-4.19477785840172e-11
     41.3848949876686	    -0.51245633699508	 -0.00205504713425501	 8.48233744932259e-06	 1.70079657024758e-08	-4.22661905474797e-11
     40.8703921028424	   -0.516540916430698	 -0.00202949849677083	 8.54994664134523e-06	 1.67965756858734e-08	-4.26219060045696e-11
     40.3518302546155	   -0.520574196611131	  -0.0020037483036105	 8.61670677565485e-06	 1.65834581622448e-08	-4.29531965551178e-11
      39.829260942948	   -0.524555776978957	  -0.0019777991120692	  8.6826110958782e-06	 1.63687028376103e-08	    -4.3272496697e-11
     39.3027360657935	    -0.52848526211135	 -0.00195165349929165	 8.74765323288784e-06	 1.61522679675841e-08	-4.35851355007344e-11
     38.7723079139448	   -0.532362261759101	 -0.00192531406182867	 8.81182649159484e-06	 1.59343365169207e-08	 -4.3920866943381e-11
     38.2380291658408	   -0.536186390885532	 -0.00189878341554047	 8.87512466096751e-06	 1.57147574952887e-08	-4.42272884981776e-11
     37.6999528823349	   -0.539957269704725	 -0.00187206419528182	 8.93754143138636e-06	 1.54936117269244e-08	-4.45283809824559e-11
     37.1581325014254	   -0.543674523719192	 -0.00184515905460336	 8.99907056073346e-06	 1.52709418443919e-08	-4.48290293775244e-11
     36.6126218329483	   -0.547337783757102	  -0.0018180706655589	 9.05970595699301e-06	 1.50468064674669e-08	-4.51536585899248e-11
     36.0634750532333	   -0.550946686008891	 -0.00179080171839216	 9.11944173243029e-06	 1.48210030914697e-08	-4.54010162798113e-11
     35.5107466997233	   -0.554500872063469	 -0.00176335492118196	 9.17827162183471e-06	 1.45939438311871e-08	-4.57203164216935e-11
     34.9544916655585	   -0.557999988943802	 -0.00173573299985875	 9.23619017267896e-06	 1.43653000606037e-08	-4.60085303188862e-11
     34.3947651941243	   -0.561443689141831	 -0.00170793869762337	 9.29319136666606e-06	 1.41353080351792e-08	-4.63016291973872e-11
     33.8316228735652	   -0.564831630653262	 -0.00167997477469114	 9.34926958962023e-06	 1.39038487390053e-08	-4.65552041362116e-11
     33.2651206312642	   -0.568163477011252	 -0.00165184400837854	 9.40441936325698e-06	 1.36710376352767e-08	-4.68345362492073e-11
     32.6953147282881	    -0.57143889731995	 -0.00162354919240597	 9.45863510448675e-06	 1.34369084747732e-08	-4.71160888082522e-11
     32.1222617538006	   -0.574657566287375	  -0.0015950931368077	 9.51191158993225e-06	 1.32013244780183e-08	-4.73541206247319e-11
      31.546018619442	   -0.577819164257701	 -0.00156647866763675	 9.56424334042083e-06	 1.29645094659736e-08	-4.76103600988154e-11
     30.9666425536769	   -0.580923377242973	 -0.00153770862666965	 9.61562518941861e-06	 1.27264545568551e-08	-4.78808104276141e-11
      30.384191096111	   -0.583969896954347	 -0.00150878587118739	 9.66605217822547e-06	 1.24870478401817e-08	-4.81206186009331e-11
     29.7987220917766	   -0.586958420832593	 -0.00147971327356685	 9.71551914297208e-06	 1.22464349772144e-08	-4.83568740605733e-11
     29.2102936853877	   -0.589888652078345	 -0.00145049372109979	 9.76402124752695e-06	 1.20046284024511e-08	-4.86100049101879e-11
     28.6189643155655	   -0.592760299681332	 -0.00142113011569568	 9.81155367441033e-06	 1.17615961414685e-08	-4.88409312993099e-11
     28.0247927090349	   -0.595573078449529	 -0.00139162537349888	  9.8581116709795e-06	 1.15173950376857e-08	-4.90620877258152e-11
     27.4278378747919	   -0.598326709037246	 -0.00136198242474403	 9.90369061248941e-06	 1.12720801581645e-08	-4.92925700257274e-11
     26.8281590982433	   -0.601020917973028	 -0.00133220421335307	 9.94828601896813e-06	 1.10256195284819e-08	-4.95155028090721e-11
      26.225815935319	   -0.603655437686781	 -0.00130229369672316	  9.9918934273191e-06	 1.07780557812021e-08	-4.97162311319244e-11
     25.6208682065573	   -0.606230006536302	 -0.00127225384526001	 1.00345084259601e-05	 1.05294830632374e-08	-4.99369434692198e-11
     25.0133759911637	   -0.608744368833273	 -0.00124208764245993	 1.00761270109828e-05	 1.02797823586798e-08	-5.01372277028622e-11
     24.4033996210446	   -0.611198274868747	 -0.00121179808411456	 1.01167448027795e-05	 1.00291082105741e-08	-5.03348474012455e-11
     23.7909996748153	   -0.613591480937813	 -0.00118138817840065	 1.01563579173458e-05	 9.77741976271318e-09	-5.05284702967401e-11
     23.1762369717839	   -0.615923749363806	 -0.00115086094541886	 1.01949623276809e-05	 9.52478096394316e-09	-5.07172082109264e-11
     22.5591725659111	   -0.618194848522135	 -0.00112021941691401	 1.02325542830073e-05	 9.27115806348411e-09	-5.08890707351384e-11
     21.9398677397466	   -0.620404552862933	 -0.00108946663601278	 1.02691299765922e-05	 9.01667362995795e-09	-5.10809172737936e-11
     21.3183839983432	   -0.622552642933727	 -0.00105860565685307	  1.0304685865492e-05	   8.761224634668e-09	-5.12438980138086e-11
     20.6947830631485	   -0.624638905401165	 -0.00102763954434469	 1.03392183063988e-05	 8.50499759508239e-09	-5.14348563740441e-11
     20.0691268658748	   -0.626663133072129	-0.000996571373798404	 1.03727239526563e-05	 8.24785040265397e-09	-5.15880671514424e-11
     19.4414775423491	   -0.628625124914393	  -0.0009654042307239	 1.04051995002408e-05	  7.9898807570089e-09	-5.17443865533096e-11
     18.8118974263416	   -0.630524686076557	 -0.00093414121039019	 1.04366415669688e-05	 7.73118280505969e-09	-5.19051468472753e-11
     18.1804490433755	   -0.632361627907419	-0.000902785417645323	 1.04670472298452e-05	 7.47166062353699e-09	-5.20552490002046e-11
     17.5471951045173	   -0.634135767974652	-0.000871339966541179	 1.04964133784691e-05	 7.21137283221651e-09	-5.21835907818513e-11
     16.9121985001487	   -0.635846930083046	-0.000839807979993166	    1.05247370632e-05	 6.95043134157913e-09	-5.23310283995215e-11
     16.2755222937208	   -0.637494944291759	-0.000808192589545916	 1.05520154862759e-05	 6.68878108456283e-09	 -5.2462922894847e-11
     15.6372297154913	   -0.639079646931577	-0.000776496935026085	 1.05782459920434e-05	  6.4264487065202e-09	 -5.2587267873605e-11
     14.9973841562446	   -0.640600880620825	-0.000744724164238106	  1.0603425920408e-05	  6.1635088144385e-09	-5.27169419228812e-11
     14.3560491609962	   -0.642058494281069	-0.000712877432600896	 1.06275527951283e-05	 5.89992588118093e-09	-5.28284083145536e-11
     13.7132884226824	    -0.64345234315232	-0.000680959902941899	 1.06506242056881e-05	  5.6357851718758e-09	-5.29483124012131e-11
     13.0691657758342	   -0.644782288807209	-0.000648974745083549	 1.06726379147659e-05	 5.37104050124526e-09	-5.30460120273801e-11
     12.4237451902378	   -0.646048199164662	  -0.0006169251355443	 1.06935916148743e-05	 5.10582509605229e-09	-5.31539257053737e-11
     11.7770907645819	   -0.647249948503374	-0.000584814257280886	 1.07134833546851e-05	 4.84004480938438e-09	-5.32414112797142e-11
     11.1292667200914	   -0.648387417473892	-0.000552645299359042	 1.07323111011581e-05	  4.5738239862203e-09	-5.33408872627206e-11
     10.4803373941497	   -0.649460493110721	-0.000520421456525311	  1.0750072981125e-05	 4.30712887578011e-09	-5.34248201233822e-11
     9.83036723390918	   -0.650469068843465	-0.000488145929052314	 1.07667672457623e-05	  4.0400092160553e-09	-5.35078648056242e-11
     9.17942078989041	   -0.651413044507291	-0.000455821922322137	 1.07823922261829e-05	 3.77248632332794e-09	-5.35780309007805e-11
     8.52756270957193	    -0.65229232635321	-0.000423452646514331	 1.07969463778446e-05	 3.50458861930747e-09	-5.36495292635664e-11
     7.87485773096952	   -0.653106827057027	-0.000391041316345555	 1.08104282574573e-05	 3.23633386756228e-09	-5.37094813068961e-11
     7.22137067620703	   -0.653856465728123	-0.000358591150657378	 1.08228364998908e-05	 2.96778424058175e-09	-5.37734301531145e-11
     6.56716644507876	   -0.654541167917672	-0.000326105372191539	 1.08341699061043e-05	 2.69891664572697e-09	-5.38236122338276e-11
      5.9123100086039	   -0.655160865625813	-0.000293587207204954	 1.08444273303476e-05	 2.42980036091467e-09	-5.38769029390096e-11
     5.25686640257414	   -0.655715497308386	-0.000261039885178853	   1.085360777342e-05	  2.1604193989333e-09	 -5.3914206432637e-11
     4.60090072109485	   -0.656205007883344	-0.000228466638483236	  1.0861710301846e-05	 1.89084481405644e-09	-5.39559508183629e-11
     3.94447811012021	   -0.656629348735748	-0.000195870702068198	 1.08687341251468e-05	 1.62106950085672e-09	-5.39857047954229e-11
     3.28766376098361	   -0.656988477723221	-0.000163255313137237	 1.08746785443259e-05	  1.3511360918983e-09	-5.40127942372237e-11
     2.63052290392291	   -0.657282359179357	-0.000130623710823813	 1.08795429589748e-05	 1.08107123253376e-09	-5.40345546085064e-11
     1.97312080160273	   -0.657510963918016	-9.79791358665595e-05	 1.08833268956943e-05	 8.10896239045178e-10	-5.40509859092708e-11
     1.31552274263259	   -0.657674269235757	-6.53248303060409e-05	 1.08860299752322e-05	 5.40644862212503e-10	-5.40620881395171e-11
    0.657794035083083	   -0.657772258914147	 -3.2664037135271e-05	 1.08876519329115e-05	 2.70334865604127e-10	-5.40665290316156e-11
                    0	    -1.00000413809009	                    0	                    0	                    0	                    0
    -43.0925449844026	    0.498281878413368	  0.00213958201260073	-8.13284501965938e-06	 -9.4046992415997e-10	 -1.4323477959266e-08
    -42.5921316720856	    0.502536568524274	  0.00211503459994395	-8.27984168960683e-06	-7.25578477300814e-08	 1.62054423213931e-08
    -42.0874884051554	    0.506741588994894	  0.00208992178221543	-8.40801861912155e-06	 8.46943493115759e-09	-7.34804173063708e-09
    -41.5786653012756	    0.510896205640991	  0.00206467506254996	-8.44762133489496e-06	-2.82708141341459e-08	 3.24259197270749e-09
    -41.0657128932216	    0.515000116031801	  0.00203919499958108	-8.52827857045213e-06	-1.20578631523927e-08	-1.33633593080162e-09
     -40.548682123863	    0.519052866282134	  0.00201352445333169	-8.58987323848481e-06	-1.87395388095979e-08	 6.36567687450906e-10
    -40.0276243411037	    0.523054073793755	  0.00198764876206914	-8.65846573372409e-06	-1.55567132509304e-08	-2.12496686913255e-10
    -39.5025912927828	    0.527003332631343	  0.00196157789961293	-8.72281758379501e-06	-1.66191389538994e-08	 1.53538515235141e-10
    -38.9736351215351	    0.530900254268984	  0.00193531126740569	-8.78775870649662e-06	-1.58514454895453e-08	-3.59534624294611e-12
    -38.4408083596124	    0.534744450103885	  0.00190885284666322	 -8.8512004268182e-06	-1.58694355434363e-08	 6.45261621912141e-11
    -37.9041639236672	    0.538535539040826	  0.00188220467403956	-8.91403295089077e-06	-1.55467976270529e-08	 3.56088492026174e-11
    -37.3637551094965	    0.542273144280927	  0.00185536965048297	-8.97586396497729e-06	-1.53686752213389e-08	  4.8502979410614e-11
    -36.8196355867492	    0.545956894757786	  0.00182835033157149	-9.03685362452222e-06	-1.51261438929851e-08	 4.33955094081284e-11
    -36.2718593935962	    0.549586424572464	  0.00180114944778713	 -9.0969242814154e-06	-1.49091281542724e-08	 4.60080862296763e-11
    -35.7204809313634	    0.553161373288703	   0.0017737696802389	-9.15610072649287e-06	-1.46790597455038e-08	 4.53161952407299e-11
    -35.1655549591289	    0.556681385857376	   0.0017462137568647	-9.21436391543295e-06	-1.44524889833519e-08	 4.60307347793787e-11
     -34.607136588285	    0.560146112699529	   0.0017184844104904	-9.27171359244028e-06	-1.42223903765171e-08	 4.61333193868541e-11
    -34.0452812770649	    0.563555209720843	   0.0016905843967085	-9.32814195220288e-06	-1.39916362940085e-08	 4.64575045100446e-11
    -33.4800448250344	    0.566908338354159	  0.00166251648559832	 -9.3836439436501e-06	-1.37593421101201e-08	 4.67275107496334e-11
    -32.9114833675512	    0.570205165589775	  0.00163428346498967	-9.43821406629297e-06	-1.35256943423201e-08	 4.70055105949996e-11
    -32.3396533701892	    0.573445364009795	  0.00160588813867569	-9.49184682319526e-06	 -1.3290698319679e-08	 4.72706318532801e-11
     -31.764611623131	    0.576628611820238	  0.00157733332671825	-9.54453698298607e-06	-1.30543114096326e-08	 4.75073314021301e-11
    -31.1864152355279	    0.579754592883038	  0.00154862186496675	-9.59627915264605e-06	-1.28167414459313e-08	 4.77782258201387e-11
     -30.605121629828	     0.58282299674742	  0.00151975660485349	-9.64706834594153e-06	-1.25778498727414e-08	 4.80353534726419e-11
    -30.0207885360739	     0.58583351868086	  0.00149074041306296	-9.69689939367413e-06	-1.23377041916228e-08	 4.82622830588753e-11
    -29.4334739861688	    0.588785859699331	   0.0014615761712839	-9.74576748280498e-06	 -1.2096345258783e-08	 4.85194107113784e-11
    -28.8432363081135	    0.591679726596639	  0.00143226677595775	 -9.7936676777266e-06	-1.18537801796492e-08	 4.87583307062778e-11
    -28.2501341202136	    0.594514831974193	  0.00140281513782819	-9.84059526754066e-06	-1.16099876379394e-08	 4.89737139730551e-11
    -27.6542263252578	    0.597290894268977	  0.00137322418183507	-9.88654551203894e-06	-1.13651079658439e-08	 4.92095253434854e-11
    -27.0555721046684	    0.600007637781728	  0.00134349684675167	-9.93151385486613e-06	-1.11190985307985e-08	 4.94284613239415e-11
    -26.4542309126235	    0.602664792704409	  0.00131363608488723	-9.97549593417801e-06	-1.08719344638075e-08	  4.9637183252571e-11
    -25.8502624701524	    0.605262095146836	  0.00128364486184234	-1.00184873002007e-05	-1.06237401098497e-08	 4.98587837682862e-11
    -25.2437267592049	     0.60779928716294	  0.00125352615609412	-1.00604836825724e-05	-1.03744870472156e-08	 5.00710584105946e-11
     -24.634684016694	    0.610276116776509	  0.00122328295883773	-1.01014809761324e-05	-1.01241255379136e-08	 5.02460295592755e-11
    -24.0231947285135	    0.612692338005966	  0.00119291827360876	-1.01414750099948e-05	-9.87284920483944e-09	 5.04551955771149e-11
    -23.4093196235313	    0.615047710889041	   0.0011624351160296	-1.01804618601875e-05	-9.62057278286466e-09	 5.06452657589307e-11
     -22.793119667558	    0.617342001506458	  0.00113183651346329	-1.02184376808978e-05	 -9.3673282464124e-09	 5.08335595839071e-11
    -22.1746560572923	    0.619574982005176	  0.00110112550478818	-1.02553986884857e-05	-9.11315112261946e-09	  5.1011639357057e-11
    -21.5539902142431	     0.62174643062116	  0.00107030513993124	-1.02913411463845e-05	-8.85810180761837e-09	 5.11963804683546e-11
    -20.9311837786301	    0.623856131701138	  0.00103937847984539	 -1.0326261618232e-05	-8.60212168163343e-09	 5.13629139220484e-11
    -20.3062986032615	    0.625903875724322	  0.00100834859589553	-1.03601565006883e-05	-8.34532976057289e-09	 5.15343323570505e-11
    -19.6793967473916	    0.627889459322961	 0.000977218569752628	-1.03930224693016e-05	-8.08771005722519e-09	 5.16982012754852e-11
    -19.0505404705573	    0.629812685302688	 0.000945991493056341	-1.04248563310705e-05	-7.82921283359883e-09	 5.18283194139713e-11
    -18.4197922263953	    0.631673362662108	 0.000914670467063103	-1.04556548370383e-05	 -7.5700317125893e-09	 5.20019582950226e-11
     -17.787214656439	    0.633471306611588	 0.000883258602375973	-1.04854149949318e-05	-7.31002813836312e-09	 5.21307441658792e-11
    -17.1528705838979	    0.635206338591911	 0.000851759018532843	-1.05141337396475e-05	-7.04936553574953e-09	 5.22830667648577e-11
    -16.5168230074183	    0.636878286291721	 0.000820174843960754	-1.05418084341835e-05	 -6.7879124543424e-09	 5.24087440112453e-11
    -15.8791350948266	    0.638486983664725	 0.000788509215283167	-1.05684360063307e-05	-6.52590514960139e-09	 5.25508525583973e-11
    -15.2398701768559	    0.640032270946417	 0.000756765277335418	-1.05940141192917e-05	-6.26314466956046e-09	 5.26645393961189e-11
    -14.5990917408568	    0.641513994669452	 0.000724946182751958	-1.06185400605696e-05	-5.99982641347196e-09	 5.27902166425065e-11
    -13.9568634244917	    0.642932007679444	 0.000693055091518201	-1.06420114525108e-05	-5.73587755070548e-09	 5.28999066773395e-11
    -13.3132490094151	    0.644286169149098	 0.000661095170896978	-1.06644259734168e-05	-5.47136380646407e-09	 5.30082644445429e-11
    -12.6683124149395	     0.64557634459257	 0.000629069594880798	-1.06857813415573e-05	-5.20632603695503e-09	 5.31139576764872e-11
    -12.0221176916866	    0.646802405878576	 0.000596981544039704	-1.07060755016875e-05	-4.94075003132366e-09	 5.32121013918641e-11
     -11.374729015227	    0.647964231243195	 0.000564834205151806	-1.07253064003388e-05	-4.67468552756145e-09	 5.33009192338341e-11
    -10.7262106797064	    0.649061705302058	 0.000532630770844593	 -1.0743472135033e-05	-4.40816627644836e-09	 5.33901811650139e-11
    -10.0766270914604	    0.650094719061669	 0.000500374439359823	-1.07605709178671e-05	-4.14119760705489e-09	 5.34741140256756e-11
    -9.42604276261805	     0.65106316993018	 0.000468068414154356	-1.07766009884713e-05	-3.87384524458412e-09	   5.355005328056e-11
      -8.774522304695	    0.651966961727899	  0.00043571590362796	-1.07915608209552e-05	-3.60609320182448e-09	 5.36242161786049e-11
    -8.12213042217676	    0.652806004696458	 0.000403320120853394	-1.08054489373899e-05	-3.33796634777173e-09	 5.36886091140332e-11
    -7.46893190609266	    0.653580215507923	 0.000370884283118027	-1.08182639166898e-05	-3.06952685491524e-09	 5.37521138710417e-11
    -6.81499162758131	    0.654289517273052	 0.000338411611732836	-1.08300045127407e-05	-2.80076228875714e-09	 5.38036282193843e-11
      -6.160374531448	    0.654933839548946	 0.000305905331656285	 -1.0840669522949e-05	-2.53174192721417e-09	 5.38560307461466e-11
    -5.50514562971481	    0.655513118346022	 0.000273368671179336	 -1.0850257923245e-05	-2.26246577028633e-09	 5.39026601131809e-11
    -4.84936999516409	    0.656027296134232	 0.000240804861639176	-1.08587687686068e-05	-1.99294980518516e-09	 5.39390754283886e-11
      -4.193112754876	    0.656476321849102	 0.000208217137029011	-1.08662011824023e-05	 -1.7232490989727e-09	 5.39737143867569e-11
    -3.53643908376033	    0.656860150896523	 0.000175608733734245	 -1.0872554439878e-05	-1.45337430978998e-09	  5.4003024274607e-11
    -2.87941419808388	    0.657178745157163	 0.000142982890204177	-1.08778279068744e-05	-1.18335918841694e-09	 5.40278932703586e-11
    -2.22210334899375	    0.657432072990551	 0.000110342846603793	-1.08820210691363e-05	 -9.1322149842199e-10	 5.40447686603329e-11
    -1.56457181603684	    0.657620109237907	 7.76918445211543e-05	-1.08851335065552e-05	-6.42994990585066e-10	 5.40585354258383e-11
   -0.906884900676853	    0.657742835224748	 4.50331266226373e-05	-1.08871649011633e-05	-3.72706310258764e-10	 5.40665290316156e-11
   -0.249107919809022	    0.657800238762784	 1.23699363465972e-05	-1.08881150628903e-05	-1.02376773725155e-10	 5.40669731208254e-11
    0.408693800726736	    0.657792314151135	-2.02944824237508e-05	-1.08879838940368e-05	 1.67963420949491e-10	 5.40643085855663e-11
     1.06645493263358	    0.657719062176762	-5.29568856886456e-05	-1.08867714034844e-05	 4.38282299342063e-10	 5.40545386229496e-11
     1.72411015164559	    0.657580490114601	-8.56140296445841e-05	-1.08844777111372e-05	  7.0856032152733e-10	  5.4041660035864e-11
     2.38159414401544	    0.657376611726609	 -0.00011826267100782	-1.08811030568035e-05	 9.78769065795859e-10	 5.40230082890503e-11
     3.03884161300077	    0.657107447260622	-0.000150899567342864	-1.08766477593392e-05	 1.24887833408138e-09	 5.39968070256691e-11
     3.69578728534916	    0.656773023448153	-0.000183521477385547	-1.08711122708272e-05	 1.51886148103131e-09	 5.39688294054486e-11
     4.35236591778049	    0.656373373501842	 -0.00021612516134802	-1.08644971410499e-05	  1.7886989667204e-09	 5.39310818226113e-11
     5.00851230346647	     0.65590853711218	-0.000248707381257381	-1.08568030272593e-05	 2.05835704036872e-09	 5.38906697045149e-11
     5.66416127850662	    0.655378560443495	-0.000281264901286411	-1.08480306710845e-05	 2.32780017483947e-09	 5.38475930511595e-11
      6.3192477283998	    0.654783496129314	-0.000313794488030814	-1.08381809997837e-05	 2.59704080463052e-09	  5.3789861453879e-11
     6.97370659451091	    0.654123403267362	-0.000346292910890508	-1.08272549237398e-05	  2.8659847828294e-09	 5.37414557300053e-11
     7.62747288053219	    0.653398347413484	-0.000378756942337857	-1.08152535895911e-05	 3.13468717649812e-09	 5.36699573672195e-11
      8.2804816589381	    0.652608400575109	 -0.00041118335828736	 -1.0802178128877e-05	 3.40303429879896e-09	 5.36117816807291e-11
     8.93266807743344	    0.651753641204343	 -0.00044356893835539	-1.07880298907403e-05	 3.67107588772342e-09	 5.35318456229561e-11
     9.58396736539415	    0.650834154189941	-0.000475910466246677	-1.07728102225479e-05	 3.93871069093166e-09	 5.34643440630589e-11
     10.2343148402998	     0.64985003084894	-0.000508204730009256	-1.07565207398963e-05	  4.2060257499088e-09	 5.33684207937313e-11
     10.8836459141574	    0.648801368917628	-0.000540448522399238	-1.07391629748932e-05	 4.47287895610771e-09	 5.32831556654401e-11
     11.5318960999158	    0.647688272541844	-0.000572638641208641	-1.07207386381702e-05	 4.73927919131256e-09	 5.31930055558405e-11
     12.1790010178703	    0.646510852266602	-0.000604771889523897	-1.07012496144421e-05	 5.00522467916653e-09	 5.30917532159947e-11
      12.824896402056	    0.645269225025068	-0.000636845076106679	-1.06806977999696e-05	 5.27066923439179e-09	 5.29829513595814e-11
     13.4695181066309	    0.643963514127035	-0.000668855015654337	-1.06590852722022e-05	 5.53558976434942e-09	 5.28785903952667e-11
     14.1128021122454	    0.642593849246677	-0.000700798529149644	-1.06364141787552e-05	 5.79998271632576e-09	 5.27555776841382e-11
     14.7546845324015	    0.641160366409549	-0.000732672444230621	-1.06126866841194e-05	 6.06374150891043e-09	 5.26467758277249e-11
     15.3951016197965	    0.639663207979223	-0.000764473595372215	-1.05879052547664e-05	 6.32695673630224e-09	 5.25095522618813e-11
     16.0339897726546	    0.638102522643081	-0.000796198824302506	-1.05620722807842e-05	 6.58949161902456e-09	  5.2391868621271e-11
      16.671285541043	    0.636478465397585	-0.000827844980279261	-1.05351904426954e-05	 6.85144918577407e-09	 5.22453191820205e-11
     17.3069256331735	      0.6347911975327	-0.000859408920458542	 -1.0507262220294e-05	  7.1126589062942e-09	 5.21036547240783e-11
     17.9408469216883	    0.633040886616277	-0.000890887510125867	 -1.0478290530358e-05	 7.37317584764696e-09	 5.19646548013952e-11
     18.5729864499291	    0.631227706476972	-0.000922277623022932	-1.04482781910775e-05	 7.63296981176609e-09	 5.18065590426886e-11
     19.2032814381896	    0.629351837187263	-0.000953576141711039	-1.04172282533455e-05	 7.89202303508318e-09	 5.16502396408214e-11
     19.8316692899506	    0.627413465045402	 -0.00098477995784116	-1.03851436996649e-05	 8.15027334510887e-09	 5.14801534734488e-11
     20.4580875980962	    0.625412782557137	 -0.00101588597248213	-1.03520277701108e-05	 8.40768876742004e-09	 5.13296072313096e-11
     21.0824741511121	    0.623349988416267	 -0.00104689109636704	-1.03178837633777e-05	 8.66432792179239e-09	  5.1135984335815e-11
     21.7047669392637	    0.621225287485215	 -0.00107779225033195	-1.02827150207929e-05	  8.9200273833967e-09	  5.0981885379997e-11
     22.3249041607546	    0.619038890774516	 -0.00110858636540858	-1.02465251758943e-05	 9.17496478791691e-09	 5.07709430053183e-11
     22.9428242278643	    0.616791015421896	 -0.00113927038343422	-1.02093175389228e-05	 9.42880973298088e-09	 5.06155117818707e-11
     23.5584657730646	    0.614481884670725	 -0.00116984125704165	 -1.0171096109346e-05	 9.68187485739236e-09	 5.04019048719329e-11
     24.1717676551144	    0.612111727847808	 -0.00120029595010829	-1.01318645659987e-05	 9.93392568204854e-09	 5.02131669577466e-11
     24.7826689651317	    0.609680780340671	 -0.00123063143812355	-1.00916267662399e-05	 1.01849941813725e-08	 5.00062213859565e-11
     25.3911090326425	     0.60718928357412	 -0.00126084470839933	-1.00503867015433e-05	 1.04350146301613e-08	 4.98072694199436e-11
     25.9970274316063	    0.604637484986322	 -0.00129093276034508	-1.00081485046033e-05	 1.06840261082652e-08	  4.9592774331586e-11
     26.6003639864174	    0.602025638004178	 -0.00132089260578607	-9.96491644578157e-06	 1.09320197339002e-08	 4.93658447453527e-11
     27.2010587778808	    0.599354002018157	 -0.00135072126935756	-9.92069468352952e-06	 1.11788587275896e-08	 4.91580109951428e-11
     27.7990521491629	    0.596622842356618	 -0.00138041578867661	-9.87548768982549e-06	 1.14246425653164e-08	  4.8920423267873e-11
     28.3942847117167	    0.593832430259381	 -0.00140997321468853	-9.82929993487147e-06	 1.16692628893134e-08	 4.86952700384791e-11
     28.9866973511794	    0.590983042850714	 -0.00143939061197157	-9.78213593327837e-06	 1.19127072650826e-08	   4.845546186516e-11
     29.5762312332434	    0.588074963112081	 -0.00146866505897695	 -9.7340005202895e-06	 1.21549934561926e-08	 4.82209827623592e-11
     30.1628278094992	    0.585108479853642	 -0.00149779364835376	-9.68489835617703e-06	 1.23960788300792e-08	 4.79660755559053e-11
     30.7464288232502	    0.582083887686016	 -0.00152677348729936	-9.63483432947498e-06	 1.26358834506846e-08	 4.77324846315241e-11
     31.3269763152982	    0.579001486990619	 -0.00155560169767289	-9.58381352500481e-06	 1.28745227812033e-08	 4.74607020350959e-11
     31.9044126296996	    0.575861583890074	   -0.001584275416511	-9.53184088015036e-06	 1.31118493840177e-08	 4.71911398847169e-11
     32.4786804194913	    0.572664490217778	 -0.00161279179614609	-9.47892151614838e-06	 1.33478081920657e-08	 4.69384531243122e-11
     33.0497226523862	    0.569410523486853	 -0.00164114800446865	-9.42506091927697e-06	 1.35825395375377e-08	 4.66617855465756e-11
     33.6174826164368	    0.566100006858602	  -0.0016693412253758	 -9.3702641947857e-06	 1.38158569029656e-08	 4.63877825040981e-11
     34.1819039256681	    0.562733269110655	 -0.00169736865893309	 -9.3145368689207e-06	 1.40477904864156e-08	 4.61155558184601e-11
     34.7429305256769	    0.559310644603932	 -0.00172522752164046	-9.25788447325715e-06	 1.42783491696719e-08	 4.58277860104772e-11
     35.3005066991989	    0.555832473249746	 -0.00175291504669187	 -9.2003127640794e-06	 1.45074956492408e-08	 4.55626647521967e-11
     35.8545770716422	    0.552299100475881	 -0.00178042848438426	-9.14182731026614e-06	 1.47352832158276e-08	 4.52260451311304e-11
     36.4050866165869	    0.548710877192442	 -0.00180776510235367	-9.08243389208252e-06	 1.49614969302547e-08	  4.4942716215246e-11
     36.9519806612495	    0.545068159756751	  -0.0018349221856192	  -9.022138450554e-06	 1.51861900832273e-08	 4.46691572619784e-11
     37.4952048919131	    0.541371309938279	 -0.00186189703713873	-8.96094714253337e-06	  1.5409565179425e-08	 4.43138858940983e-11
      38.034705359321	    0.537620694882403	 -0.00188868697803751	-8.89886566746156e-06	 1.56311443788582e-08	 4.40540937063361e-11
     38.5704284840348	    0.533816687074165	  -0.0019152893476272	-8.83590056233174e-06	 1.58513442372055e-08	 4.37263558694667e-11
     39.1023210617559	    0.529959664301241	 -0.00194170150398996	-8.77205794491687e-06	 1.60699720197499e-08	 4.33941771404989e-11
     39.6303302686086	    0.526050009616273	 -0.00196792082405259	-8.70734410174379e-06	 1.62869362441143e-08	  4.3082870604394e-11
     40.1544036663867	    0.522088111299024	 -0.00199394470390401	-8.64176550319229e-06	 1.65023186227131e-08	 4.27546886783148e-11
     40.6744892077614	    0.518074362817776	 -0.00201977055895144	-8.57532881948231e-06	 1.67161342545796e-08	 4.24060786485825e-11
     41.1905352414499	    0.514009162789983	 -0.00204539582453942	-8.50804014529416e-06	 1.69280971462626e-08	 4.20850021498609e-11
     41.7024905173454	     0.50989291494327	 -0.00207081795553715	-8.43990688004226e-06	 1.71385678982006e-08	 4.17523793316832e-11
     42.2103041916066	      0.5057260280746	 -0.00209603442725238	-8.37093526229182e-06	  1.7347268510548e-08	 4.13926670717046e-11
     42.7139258317073	    0.501508916010343	 -0.00212104273550285	-8.30113227312523e-06	 1.75542469449397e-08	 4.10422806851329e-11
     43.2133054214452	    0.497241997564704	 -0.00214584039641991	-8.23050492204658e-06	 1.77594490224919e-08	 4.07025524395976e-11
     43.7083933659087	    0.492925696498419	 -0.00217042494746514	-8.15906008799772e-06	 1.79629147112337e-08	 4.03330702170024e-11
     44.1991404964028	    0.488560441476549	 -0.00219479394690854	-8.08680513753046e-06	 1.81646466757002e-08	 3.99724697786041e-11
     44.6854980753319	    0.484146666025773	  -0.0022189449747151	-8.01374683234712e-06	 1.83644628393154e-08	 3.96136456970453e-11
     45.1674178010403	     0.47968480849174	 -0.00224287563230122	-7.93989284364471e-06	 1.85625719240079e-08	 3.92375021363023e-11
     45.6448518126087	    0.475175311995112	 -0.00226658354302249	 -7.8652503052723e-06	 1.87587954059154e-08	  3.8871128538176e-11
     46.1177526946081	    0.470618624387669	 -0.00229006635245952	-7.78982654292548e-06	  1.8953110192399e-08	 3.85003140479512e-11
     46.5860734818084	    0.466015198208074	 -0.00231332172842114	-7.71362917895146e-06	 1.91455535869522e-08	 3.81326081821953e-11
     47.0497676638425	    0.461365490636579	 -0.00233634736131062	-7.63666582326294e-06	 1.93361699984962e-08	  3.7730707447281e-11
     47.5087891898259	    0.456669963449816	  -0.0023591409644544	-7.55894390636058e-06	 1.95247888967742e-08	 3.73328035152554e-11
     47.9630924729295	    0.451929082974997	 -0.00238170027410599	-7.48047143073194e-06	  1.9711536403122e-08	 3.69393404753282e-11
     48.4126323949074	    0.447143320043354	 -0.00240402304978187	-7.40125598586161e-06	 1.98962908370959e-08	 3.65316665806859e-11
     48.8573643105778	     0.44231314994366	 -0.00242610707467161	-7.32130534863984e-06	 2.00789349591446e-08	  3.6169733874658e-11
     49.2972440522566	    0.437439052374849	 -0.00244795015540793	-7.24062785728563e-06	 2.02598124943165e-08	 3.57389673411035e-11
     49.7322279341437	     0.43252151139841	 -0.00246955012271796	-7.15923116967332e-06	 2.04384988933271e-08	 3.53752582782363e-11
     50.1622727566621	    0.427561015390332	 -0.00249090483147362	-7.07712349967693e-06	 2.06152801496273e-08	 3.49387185849537e-11
     50.5873358107477	    0.422558056992704	 -0.00251201216090837	-6.99431298478714e-06	 2.07899901738529e-08	 3.45163897463863e-11
      51.007374882091	    0.417513133064482	 -0.00253287001475592	-6.91080771275665e-06	 2.09625108382738e-08	 3.41349171151251e-11
     51.4223482553296	    0.412426744632552	 -0.00255347632147745	-6.82661633888415e-06	 2.11331441235529e-08	 3.36934924405341e-11
     51.8322147181912	    0.407299396841614	 -0.00257382903469704	-6.74174694736962e-06	 2.13016599914795e-08	 3.32454064277954e-11
     52.2369335655861	    0.402131598904252	 -0.00259392613312501	-6.65620784578991e-06	   2.146790301083e-08	  3.2840841157622e-11
     52.6364646036501	    0.396923864050284	 -0.00261376562082898	-6.57000778359063e-06	 2.16320747981058e-08	 3.24247295679925e-11
     53.0307681537363	    0.391676709475691	 -0.00263334552748382	-6.48315529616639e-06	 2.17942215385847e-08	 3.19495541134529e-11
     53.4198050563554	    0.386390656291484	 -0.00265266390854394	 -6.3956588740588e-06	 2.19540448043176e-08	 3.15423243080204e-11
      53.803536675065	     0.38106622947166	 -0.00267171884547176	-6.30752722940997e-06	  2.2111695585636e-08	 3.11159986665643e-11
     54.1819249003068	    0.375703957801387	 -0.00269050844582276	 -6.2187693061766e-06	 2.22672342786723e-08	 3.06790148840719e-11
      54.554932153191	    0.370304373824158	 -0.00270903084354289	-6.12939374589061e-06	 2.24205756182982e-08	 3.02149416597786e-11
     54.9225213892286	    0.364868013789217	 -0.00272728419917898	 -6.0394094800742e-06	 2.25717089463728e-08	 2.97419866512882e-11
     55.2846561020106	    0.359395417597961	  -0.0027452666999468	-5.94882514404205e-06	 2.27203669211917e-08	  2.9336977291905e-11
     55.6413003268332	    0.353887128750788	 -0.00276297655980745	-5.85765046512421e-06	 2.28671268587277e-08	 2.88382651092434e-11
     55.9924186442697	    0.348343694292478	 -0.00278041202006463	-5.76589362966118e-06	 2.30112853216724e-08	 2.84035017728002e-11
     56.3379761836882	     0.34276566475861	 -0.00279757134920748	-5.67356430947186e-06	 2.31533068273393e-08	  2.7944757619025e-11
     56.6779386267145	    0.337153594120222	 -0.00281445284284947	-5.58067166833709e-06	 2.32931043342433e-08	 2.74580358450294e-11
     57.0122722106408	    0.331508039729224	 -0.00283105482464807	-5.48722469906338e-06	 2.34304771140614e-08	 2.70112820999202e-11
     57.3409437317781	    0.325829562262804	 -0.00284737564576538	-5.39323269999059e-06	 2.35655219782416e-08	 2.65389932252447e-11
     57.6639205487545	    0.320118725667944	 -0.00286341368534337	-5.29870511645214e-06	   2.369825224946e-08	 2.60689247966184e-11
     57.9811705857563	    0.314376097105265	 -0.00287916735048908	-5.20365142309132e-06	 2.38286572695756e-08	 2.56072940629792e-11
      58.292662335714	    0.308602246892686	 -0.00289463507673714	-5.10808087295089e-06	 2.39566668724933e-08	 2.51321186084397e-11
     58.5983648634308	    0.302797748448927	 -0.00290981532803414	-5.01200286651127e-06	 2.40822570773958e-08	 2.46460629682588e-11
     58.8982478086558	    0.296963178236518	 -0.00292470659662976	-4.91542734781802e-06	 2.42055469001912e-08	 2.41735520489783e-11
      59.192281389098	     0.29109911570427	  -0.0029393074036573	 -4.8183635179555e-06	 2.43263720278719e-08	 2.36819452936743e-11
     59.4804364033852	    0.285206143230295	 -0.00295361629915704	-4.72082118729844e-06	 2.44447901920353e-08	 2.32027730362461e-11
     59.7626842339631	      0.2792848460636	    -0.00296763186195	-4.62281003388298e-06	 2.45607685300797e-08	 2.27229346450031e-11
     60.0389968499382	    0.273335812266288	 -0.00298135270020838	-4.52433976194655e-06	 2.46743532272831e-08	 2.22180052134036e-11
     60.3093468098611	    0.267359632655085	 -0.00299477745119268	-4.42542015566261e-06	 2.47854337054321e-08	 2.17299511717783e-11
      60.573707264452	    0.261356900742621	 -0.00300790478175854	 -4.3260609796647e-06	 2.48940108527052e-08	 2.12636575014358e-11
     60.8320519592672	    0.255328212678528	 -0.00302073338799563	-4.22627241603024e-06	 2.50003426849332e-08	 2.07125427920118e-11
     61.0843552373063	     0.24927416719021	 -0.00303326199606331	-4.12606391808623e-06	 2.51039811161036e-08	 2.02282635086704e-11
     61.3305920415608	    0.243195365523402	 -0.00304548936165198	-4.02544551914019e-06	 2.52050473825705e-08	 1.97608596153032e-11
     61.5707379175018	    0.237092411382536	 -0.00305741427031986	-3.92442773344825e-06	 2.53039025288615e-08	 1.92275084742732e-11
     61.8047690155094	    0.230965910870436	 -0.00306903553782731	-3.82301993839818e-06	 2.54000331878501e-08	 1.87339033175249e-11
     62.0326620932409	    0.224816472428775	 -0.00308035201010495	-3.72123253455925e-06	 2.54937089216867e-08	 1.82234227708022e-11
     62.2543945179389	    0.218644706776916	 -0.00309136256321926	-3.61907555612717e-06	 2.55848893182531e-08	  1.7690959808192e-11
     62.4699442686797	    0.212451226851815	 -0.00310206610364231	-3.51655915586946e-06	 2.56734238313072e-08	  1.7211343461554e-11
     62.6792899385593	     0.20623664774682	 -0.00311246156845069	-3.41369350387311e-06	 2.57595185182424e-08	 1.66628932873891e-11
     62.8824107368204	    0.200001586650796	 -0.00312254792522405	-3.31048869961492e-06	 2.58428598520766e-08	 1.61950453048121e-11
     63.0792864909163	     0.19374666278666	 -0.00313232417221173	-3.20695523337022e-06	 2.59238088773373e-08	 1.56579194054984e-11
      63.269897648515	    0.187472497350065	 -0.00314178933847997	-3.10310339357578e-06	 2.60021844056268e-08	 1.51474388587758e-11
     63.4542252794405	    0.181179713447395	 -0.00315094248407986	 -2.9989432159816e-06	 2.60779238203668e-08	 1.46189726990542e-11
     63.6322510775531	    0.174868936034379	 -0.00315978269999423	-2.89448519374957e-06	 2.61510066934534e-08	 1.41335831926881e-11
     63.8039573625675	     0.16854079185351	 -0.00316830910820072	-2.78973984535469e-06	 2.62216470758858e-08	 1.35892408437144e-11
     63.9693270818082	    0.162195909372102	  -0.0031765208619599	-2.68471737063791e-06	 2.62895789582274e-08	 1.30876420811887e-11
     64.1283438119036	    0.155834918719823	 -0.00318441714572329	-2.57942837711411e-06	 2.63550483659003e-08	 1.25204291379077e-11
     64.2809917604169	    0.149458451626046	 -0.00319199717536066	-2.47388301821694e-06	 2.64177151265699e-08	 1.20159437955181e-11
     64.4272557674143	    0.143067141357207	   -0.003199260197962	-2.36809197140531e-06	  2.6477701808858e-08	 1.15346621143431e-11
     64.5671213069708	     0.13666162265385	 -0.00320620549231618	 -2.2620659403394e-06	 2.65354107575888e-08	 1.09073861054299e-11
     64.7005744886127	    0.130242531667583	 -0.00321283236859913	-2.15581498985706e-06	 2.65899877671671e-08	 1.04974917647382e-11
     64.8276020586972	    0.123810505897848	 -0.00321914016866636	-2.04935017134034e-06	 2.66424022843381e-08	 9.87099291194227e-12
     64.9481914017285	    0.117366184128967	 -0.00322512826605522	-1.94268187292401e-06	 2.66919275571098e-08	 9.38726874011309e-12
     65.0623305416108	    0.110910206365885	 -0.00323079606623439	-1.83582025714557e-06	 2.67387147978582e-08	 8.85946871420629e-12
     65.1700081428378	    0.104443213771802	 -0.00323614300612209	-1.72877667514726e-06	 2.67829838307421e-08	 8.35331803727968e-12
     65.2712135116181	   0.0979658486032385	 -0.00324116855471184	-1.62156135208313e-06	 2.68246727053167e-08	 7.76734232488252e-12
     65.3659365969378	   0.0914787541472811	  -0.0032458722130585	-1.51418498162137e-06	 2.68635931277572e-08	 7.26108062565345e-12
     65.4541679915579	   0.0849825746568978	 -0.00325025351383358	-1.40665815606678e-06	 2.68998670005516e-08	 6.69470034964093e-12
     65.5358989329493	   0.0784779552877079	 -0.00325431202215174	-1.29899155865143e-06	 2.69333479963052e-08	 6.21042106629943e-12
     65.6111213041629	   0.0719655420331698	 -0.00325804733463455	-1.19119624564235e-06	 2.69643882777615e-08	 5.64609470288246e-12
     65.6798276346352	   0.0654459816609473	 -0.00326145908058105	-1.08328237735655e-06	 2.69926114793151e-08	 5.09248199165313e-12
     65.7420111009309	    0.058919921648564	 -0.00326454692111958	 -9.7526094455791e-07	  2.7018126624867e-08	  4.5717318819527e-12
     65.7976655274201	   0.0523880101188543	 -0.00326731054947556	-8.67142648075525e-07	 2.70409168390273e-08	 4.06863431834381e-12
     65.8467853868918	   0.0458508957759716	 -0.00326974969123243	 -7.5893850015607e-07	 2.70613457198365e-08	 3.44613226843649e-12
     65.8893658011028	   0.0393092278406162	 -0.00327186410419695	-6.50658543044358e-07	 2.70785893707881e-08	 2.99452129759459e-12
     65.9254025412623	   0.0327636559859262	 -0.00327365357834528	-5.42314337381722e-07	 2.70935813229123e-08	 2.38484232362168e-12
     65.9548920284515	   0.0262148302724719	  -0.0032751179360206	-4.33915980951882e-07	 2.71055864975445e-08	  1.8847701177549e-12
     65.9778313339795	   0.0196634010842578	 -0.00327625703159655	 -3.2547478767686e-07	 2.71150092379102e-08	 1.37381772624678e-12
     65.9942181796737	   0.0131100190636082	  -0.0032770707521665	-2.17001176652798e-07	 2.71218345837543e-08	 7.78953290758722e-13
     66.0040509381066	    0.006555335046978	 -0.00327755901689918	-1.08505893499367e-07	 2.71257557457605e-08	 2.95576063624736e-13
     66.0073286327568	                   -0	 -0.00757497914936114	                    0	                    0	                    0
0.657802201176835
0.657802201176879
0.657802201176849
0.657802201176839
0.657802201176853
0.657802201176871
0.657802201176851
0.657802201176843
0.657802201176885
0.657802201176843
0.657802201176846
0.657802201176876
0.657802201176842
0.657802201176852
 0.65780220117684
0.657802201176879
0.657802201176846
0.657802201176849
0.657802201176871
 0.65780220117685
0.657802201176841
0.657802201176846
0.657802201176877
0.657802201176847
0.657802201176845
0.657802201176877
0.657802201176847
0.657802201176845
0.657802201176861
0.657802201176859
0.657802201176849
 0.65780220117686
0.657802201176842
0.657802201176862
0.657802201176849
0.657802201176861
0.657802201176865
0.657802201176842
0.657802201176865
0.657802201176843
0.657802201176861
0.657802201176862
0.657802201176847
0.657802201176862
0.657802201176846
0.657802201176859
0.657802201176863
0.657802201176846
0.657802201176862
0.657802201176842
0.657802201176864
0.657802201176848
0.657802201176858
0.657802201176861
0.657802201176847
0.657802201176845
0.657802201176877
0.657802201176846
0.657802201176846
0.657802201176861
0.657802201176861
0.657802201176848
0.657802201176845
0.657802201176875
0.657802201176847
0.657802201176845
0.657802201176876
0.657802201176846
0.657802201176846
0.657802201176861
0.657802201176861
0.657802201176846
0.657802201176861
0.657802201176847
0.657802201176861
0.657802201176847
 0.65780220117686
0.657802201176861
0.657802201176847
0.657802201176847
0.657802201176875
0.657802201176846
0.657802201176847
0.657802201176874
0.657802201176847
0.657802201176848
0.657802201176861
0.657802201176859
0.657802201176846
0.657802201176847
0.657802201176859
0.657802201176862
0.657802201176845
0.657802201176862
 0.65780220117686
 0.65780220117685
0.657802201176844
0.657802201176872
0.657802201176849
0.657802201176847
0.657802201176863
0.657802201176861
0.657802201176846
0.657802201176859
0.657802201176863
0.657802201176843
0.657802201176851
0.657802201176858
 0.65780220117686
0.657802201176848
 0.65780220117686
0.657802201176848
0.657802201176861
0.657802201176859
0.657802201176846
0.657802201176848
0.657802201176864
0.657802201176855
0.657802201176862
0.657802201176848
0.657802201176861
0.657802201176861
0.657802201176845
0.657802201176864
0.657802201176859
0.657802201176836
0.657802201176855
0.657802201176866
0.657802201176845
0.657802201176862
0.657802201176858
0.657802201176846
 0.65780220117686
 0.65780220117686
0.657802201176846
0.657802201176862
0.657802201176846
0.657802201176842
0.657802201176866
0.657802201176863
0.657802201176844
0.657802201176864
0.657802201176861
0.657802201176845
 0.65780220117686
0.657802201176859
0.657802201176862
0.657802201176829
0.657802201176868
0.657802201176844
0.657802201176858
0.657802201176867
 0.65780220117686
 0.65780220117684
0.657802201176862
0.657802201176865
0.657802201176848
0.657802201176856
0.657802201176843
0.657802201176853
 0.65780220117686
0.657802201176861
0.657802201176849
 0.65780220117686
0.657802201176858
0.657802201176845
0.657802201176867
0.657802201176857
0.657802201176846
0.657802201176847
0.657802201176858
0.657802201176853
0.657802201176854
0.657802201176862
0.657802201176848
 0.65780220117686
0.657802201176857
0.657802201176868
0.657802201176841
0.657802201176847
0.657802201176848
0.657802201176862
0.657802201176859
0.657802201176861
0.657802201176849
0.657802201176862
0.657802201176859
0.657802201176847
0.657802201176859
0.657802201176862
0.657802201176831
0.657802201176858
0.657802201176866
0.657802201176841
0.657802201176861
0.657802201176863
0.657802201176849
0.657802201176858
0.657802201176862
0.657802201176846
0.657802201176859
0.657802201176846
0.657802201176847
0.657802201176876
0.657802201176849
0.657802201176846
0.657802201176872
0.657802201176847
0.657802201176845
0.657802201176876
0.657802201176846
 0.65780220117685
0.657802201176844
0.657802201176846
0.657802201176878
0.657802201176844
0.657802201176848
0.657802201176875
0.657802201176846
0.657802201176847
0.657802201176875
0.657802201176847
0.657802201176875
0.657802201176817
0.657802201176876
0.657802201176846
0.657802201176846
0.657802201176876
0.657802201176846
