       0 -1.33888
       1 -1.54541
       2 -2.10488
       3 -2.86826
       4  -3.6908
       5 -4.52533
       6 -5.36649
       7 -6.21189
       8 -7.06018
       9 -7.91053
      10 -8.76244
      11 -9.61553
      12 -10.4696
      13 -11.3243
      14 -12.1797
      15 -13.0356
      16  -13.892
      17 -14.7487
      18 -15.6057
      19  -16.463
      20 -17.3205
      21 -18.1783
      22 -19.0362
      23 -19.8943
      24 -20.7525
      25 -21.6109
      26 -22.4694
      27  -23.328
      28 -24.1867
      29 -25.0455
      30 -25.9044
      31 -26.7633
      32 -27.6224
      33 -28.4814
      34 -29.3406
      35 -30.1998
      36 -31.0591
      37 -31.9184
      38 -32.7777
      39 -33.6371
      40 -34.4965
      41  -35.356
      42 -36.2155
      43  -37.075
      44 -37.9346
      45 -38.7942
      46 -39.6538
      47 -40.5135
      48 -41.3731
      49 -42.2328
      50 -43.0925
