      50 -43.0925
 49.1078 -44.1066
  48.195 -45.1022
  47.262 -46.0789
 46.3093 -47.0364
 45.3371 -47.9741
  44.346 -48.8917
 43.3363 -49.7889
 42.3084 -50.6652
 41.2628 -51.5203
    40.2 -52.3539
 39.1203 -53.1655
 38.0243 -53.9548
 36.9123 -54.7216
 35.7848 -55.4654
 34.6424  -56.186
 33.4855 -56.8831
 32.3145 -57.5564
   31.13 -58.2056
 29.9325 -58.8304
 28.7225 -59.4305
 27.5004 -60.0058
 26.2668 -60.5559
 25.0222 -61.0807
 23.7671   -61.58
 22.5021 -62.0534
 21.2277 -62.5008
 19.9443 -62.9221
 18.6527  -63.317
 17.3532 -63.6854
 16.0464 -64.0272
 14.7329 -64.3421
 13.4133 -64.6301
  12.088  -64.891
 10.7577 -65.1248
 9.42283 -65.3313
 8.08405 -65.5104
 6.74189 -65.6621
  5.3969 -65.7863
 4.04966  -65.883
 2.70071 -65.9521
 1.35064 -65.9935
       0 -66.0073
