      50 -43.0925
 50.8453 -42.0919
 51.6705 -41.0747
 52.4754 -40.0413
 53.2596 -38.9921
 54.0228 -37.9276
 54.7648 -36.8481
 55.4852 -35.7541
 56.1838 -34.6461
 56.8602 -33.5244
 57.5142 -32.3895
 58.1456 -31.2419
 58.7541 -30.0819
 59.3395 -28.9101
 59.9015 -27.7269
 60.4399 -26.5328
 60.9545 -25.3283
 61.4451 -24.1137
 61.9115 -22.8897
 62.3535 -21.6567
 62.7709 -20.4151
 63.1637 -19.1655
 63.5315 -17.9084
 63.8744 -16.6442
 64.1921 -15.3734
 64.4845 -14.0966
 64.7515 -12.8142
 64.9931 -11.5268
  65.209 -10.2349
 65.3993  -8.9389
 65.5638 -7.63941
 65.7024  -6.3369
 65.8153  -5.0319
 65.9021 -3.72491
 65.9631 -2.41646
  65.998 -1.10706
  66.007 0.202775
   65.99  1.51253
  65.947  2.82169
  65.878  4.12975
 65.7831  5.43617
 65.6623  6.74045
 65.5156  8.04208
 65.3431  9.34055
 65.1449  10.6353
  64.921  11.9259
 64.6716  13.2118
 64.3967  14.4925
 64.0964  15.7675
 63.7709  17.0363
 63.4203  18.2984
 63.0447  19.5532
 62.6443  20.8004
 62.2192  22.0394
 61.7697  23.2697
 61.2957  24.4908
 60.7977  25.7023
 60.2757  26.9037
   59.73  28.0944
 59.1607  29.2741
 58.5682  30.4423
 57.9526  31.5985
 57.3142  32.7423
 56.6532  33.8731
 55.9698  34.9906
 55.2645  36.0944
 54.5374  37.1839
 53.7888  38.2588
  53.019  39.3186
 52.2284  40.3629
 51.4171  41.3914
 50.5857  42.4035
 49.7343  43.3989
 48.8633  44.3773
 47.9731  45.3382
  47.064  46.2812
 46.1364   47.206
 45.1906  48.1122
  44.227  48.9994
 43.2459  49.8674
 42.2479  50.7157
 41.2332  51.5441
 40.2023  52.3521
 39.1555  53.1396
 38.0934  53.9061
 37.0162  54.6513
 35.9244  55.3751
 34.8185  56.0771
 33.6989  56.7569
  32.566  57.4145
 31.4203  58.0494
 30.2623  58.6614
 29.0923  59.2504
 27.9108   59.816
 26.7184  60.3581
 25.5154  60.8764
 24.3024  61.3707
 23.0798  61.8408
 21.8481  62.2866
 20.6079  62.7079
 19.3595  63.1045
 18.1035  63.4762
 16.8403   63.823
 15.5705  64.1446
 14.2946  64.4409
 13.0131  64.7119
 11.7264  64.9574
 10.4352  65.1773
 9.13977  65.3715
 7.84078    65.54
 6.53871  65.6827
 5.23406  65.7995
 3.92735  65.8904
 2.61909  65.9553
  1.3098  65.9943
       0  66.0073
